                                 	Total        	Entrants      	Trying       	MainSpendM      	TotSpend      	AvgInv       	ISP          	CSP          	UAP          	PropUsing      	PropInt      	PropInad      	PUB          	PUC          	PUR          	TotRec       	DelInvUt      	MainInvUt      	UserUt       	PrvWel       	SocWel       
All                              	10000        	1             	0.6616       	1.806           	0.2129        	--           	3.339        	3.459        	3.339        	0.1879         	0            	0             	3.456        	3.008        	2.976        	0.194        	-0.01895      	0.981          	0.4969       	0.478        	2.156        
FirstTries                       	6616         	1             	1            	1.806           	0.2963        	0.2463       	3.339        	3.459        	3.339        	0.2841         	0            	0             	3.456        	3.008        	2.976        	0.2932       	-0.003075     	0.9969         	0.7511       	0.748        	3.284        
SomeoneTries                     	6616         	1             	1            	1.806           	0.2963        	0.2463       	3.339        	3.459        	3.339        	0.2841         	0            	0             	3.456        	3.008        	2.976        	0.2932       	-0.003075     	0.9969         	0.7511       	0.748        	3.284        
NooneTries                       	3384         	1             	0            	--              	0.05          	--           	--           	--           	--           	0              	0            	0             	--           	--           	--           	0            	-0.05         	0.95           	0            	-0.05        	-0.05        
InventionOccurs                  	2804         	1             	1            	1.93            	0.285         	0.235        	3.339        	3.459        	3.339        	0.6702         	0            	0             	3.456        	3.008        	2.976        	0.6918       	0.4067        	1.407          	1.772        	2.179        	8.162        
SomeUsersPay                     	2356         	1             	1            	2.078           	0.2595        	0.2095       	1.105        	1.661        	1.105        	0.7977         	0            	0             	3.626        	1.105        	1.105        	0.8233       	0.5638        	1.564          	2.109        	2.673        	8.82         
SomeIntentionalInfringement      	0            	--            	--           	--              	--            	--           	--           	--           	--           	--             	--           	--            	--           	--           	--           	--           	--            	--             	--           	--           	--           
InventionUsed                    	2356         	1             	1            	2.078           	0.2595        	0.2095       	1.105        	1.661        	1.105        	0.7977         	0            	0             	3.626        	1.105        	1.105        	0.8233       	0.5638        	1.564          	2.109        	2.673        	8.82         
MainInventorLoses                	7859         	1             	0.5694       	1.668           	0.1988        	--           	10.3         	8.966        	10.3         	0.02033        	0            	0             	2.061        	8.9          	8.765        	0.002012     	-0.1967       	0.8033         	0.01779      	-0.1789      	0.1597       
AllHighValue                     	2009         	1             	0.9238       	2.07            	0.3262        	--           	3.359        	3.944        	3.359        	0.3178         	0            	0             	5.206        	3.164        	3.154        	0.4419       	0.1157        	1.116          	1.213        	1.328        	4.937        
InventionOccursHighValue         	805          	1             	1            	2.241           	0.3343        	0.2843       	3.359        	3.944        	3.359        	0.793          	0            	0             	5.206        	3.164        	3.154        	1.103        	0.7687        	1.769          	3.026        	3.795        	12.8         