                                 	Total        	Entrants      	Trying       	MainSpendM      	TotSpend      	AvgInv       	ISP          	CSP          	UAP          	PropUsing      	PropInt      	PropInad      	PUB          	PUC          	PUR          	TotRec       	DelInvUt      	MainInvUt      	UserUt       	PrvWel       	SocWel       
All                              	10000        	1.739         	1.432        	1.631           	0.4483        	--           	6.845        	6.943        	6.845        	0.3473         	0            	0             	3.133        	6.258        	6.181        	0.4161       	-0.03218      	0.998          	0.8268       	0.7947       	5.009        
FirstTries                       	8282         	1.729         	1.684        	1.631           	0.509         	0.2582       	6.725        	6.822        	6.725        	0.4131         	0            	0             	3.166        	6.13         	6.055        	0.4968       	-0.01223      	1.008          	0.9927       	0.9804       	5.931        
SomeoneTries                     	8647         	1.74          	1.656        	1.631           	0.5049        	0.2605       	6.845        	6.943        	6.845        	0.4017         	0            	0             	3.133        	6.258        	6.181        	0.4812       	-0.02369      	1.006          	0.9562       	0.9325       	5.806        
NooneTries                       	1353         	1.729         	0            	--              	0.08644       	--           	--           	--           	--           	0              	0            	0             	--           	--           	--           	0            	-0.08644      	0.95           	0            	-0.08644     	-0.08644     
InventionOccurs                  	7698         	1.771         	1.7          	1.649           	0.5138        	0.2572       	6.845        	6.943        	6.845        	0.4512         	0            	0             	3.133        	6.258        	6.181        	0.5406       	0.02681       	1.044          	1.074        	1.101        	6.576        
SomeUsersPay                     	4734         	1.708         	1.675        	1.943           	0.4253        	0.2114       	1.288        	2.464        	1.288        	0.7337         	0            	0             	3.474        	1.288        	1.288        	0.879        	0.4537        	1.296          	1.747        	2.2          	7.861        
SomeIntentionalInfringement      	0            	--            	--           	--              	--            	--           	--           	--           	--           	--             	--           	--            	--           	--           	--           	--           	--            	--             	--           	--           	--           
InventionUsed                    	4734         	1.708         	1.675        	1.943           	0.4253        	0.2114       	1.288        	2.464        	1.288        	0.7337         	0            	0             	3.474        	1.288        	1.288        	0.879        	0.4537        	1.296          	1.747        	2.2          	7.861        
MainInventorLoses                	7391         	1.806         	1.396        	1.47            	0.4625        	--           	9.65         	9.245        	9.65         	0.2028         	0            	0             	2.754        	8.762        	8.645        	0.2149       	-0.2476       	0.7452         	0.4104       	0.1628       	3.615        
AllHighValue                     	2065         	1.73          	1.655        	1.895           	0.6           	--           	10.26        	11.06        	10.26        	0.5441         	0            	0             	5.231        	9.302        	9.258        	0.9571       	0.3571        	1.22           	1.978        	2.335        	10.3         
InventionOccursHighValue         	1829         	1.762         	1.72         	1.918           	0.6162        	0.316        	10.26        	11.06        	10.26        	0.6143         	0            	0             	5.231        	9.302        	9.258        	1.081        	0.4643        	1.294          	2.234        	2.698        	11.69        