                                 	Total        	Entrants      	Trying       	MainSpendM      	TotSpend      	AvgInv       	ISP          	CSP          	UAP          	PropUsing      	PropInt      	PropInad      	PUB          	PUC          	PUR          	TotRec       	DelInvUt      	MainInvUt      	UserUt       	PrvWel       	SocWel       
All                              	10000        	1             	0.4734       	1.652           	0.121         	--           	7.549        	7.35         	7.064        	0.06092        	0.01578      	0             	3.166        	6.884        	6.782        	0.1523       	0.03132       	1.031          	0.1203       	0.1516       	1.052        
FirstTries                       	4734         	1             	1            	1.652           	0.2           	0.15         	7.549        	7.35         	7.064        	0.1287         	0.03334      	0             	3.166        	6.884        	6.782        	0.3218       	0.1218        	1.122          	0.254        	0.3758       	2.277        
SomeoneTries                     	4734         	1             	1            	1.652           	0.2           	0.15         	7.549        	7.35         	7.064        	0.1287         	0.03334      	0             	3.166        	6.884        	6.782        	0.3218       	0.1218        	1.122          	0.254        	0.3758       	2.277        
NooneTries                       	5266         	1             	0            	--              	0.05          	--           	--           	--           	--           	0              	0            	0             	--           	--           	--           	0            	-0.05         	0.95           	0            	-0.05        	-0.05        
InventionOccurs                  	1652         	1             	1            	1.819           	0.1975        	0.1475       	7.549        	7.35         	7.064        	0.3688         	0.09553      	0             	3.166        	6.884        	6.782        	0.9221       	0.7246        	1.725          	0.728        	1.453        	6.901        
SomeUsersPay                     	808          	1             	1            	2.171           	0.1576        	0.1076       	1.203        	2.26         	2.276        	0.754          	0            	0             	3.493        	1.203        	1.203        	0.81         	0.6524        	1.652          	1.884        	2.537        	8.319        
SomeIntentionalInfringement      	0            	--            	--           	--              	--            	--           	--           	--           	--           	--             	--           	--            	--           	--           	--           	--           	--            	--             	--           	--           	--           
InventionUsed                    	1098         	1             	1            	1.992           	0.1685        	0.1185       	2.55         	3.027        	2.091        	0.5548         	0.143        	0             	3.41         	2.276        	2.223        	1.387        	1.219         	2.219          	1.095        	2.314        	7.807        
MainInventorLoses                	9001         	1             	0.415        	1.543           	0.1158        	--           	15.01        	13.63        	14.47        	0.003225       	0.001849     	0             	2.433        	13.7         	13.51        	0.0009497    	-0.1148       	0.8852         	0.003346     	-0.1115      	0.234        
AllHighValue                     	2003         	1             	0.5152       	2.031           	0.1428        	--           	12.75        	12.4         	11.3         	0.09541        	0.02739      	0             	5.196        	12.02        	11.93        	0.4339       	0.2911        	1.291          	0.2185       	0.5096       	2.348        
InventionOccursHighValue         	410          	1             	1            	2.249           	0.2272        	0.1772       	12.75        	12.4         	11.3         	0.4661         	0.1338       	0             	5.196        	12.02        	11.93        	2.12         	1.893         	2.893          	1.067        	2.96         	11.94        