                                 	Total        	Entrants      	Trying       	MainSpendM      	TotSpend      	AvgInv       	ISP          	CSP          	UAP          	PropUsing      	PropInt      	PropInad      	PUB          	PUC          	PUR          	TotRec       	DelInvUt      	MainInvUt      	UserUt       	PrvWel       	SocWel       
All                              	10000        	1.002         	0.4047       	1.521           	0.1003        	--           	6.36         	6.191        	6.019        	0.05369        	0.01095      	0             	2.967        	5.683        	5.588        	0.1009       	0.0006618     	1.001          	0.116        	0.1166       	0.8146       
FirstTries                       	4040         	1.001         	1.001        	1.521           	0.1742        	0.124        	6.36         	6.191        	6.019        	0.1329         	0.0271       	0             	2.967        	5.683        	5.588        	0.2499       	0.07564       	1.076          	0.287        	0.3627       	2.09         
SomeoneTries                     	4041         	1.002         	1.001        	1.521           	0.1742        	0.124        	6.36         	6.191        	6.019        	0.1329         	0.02709      	0             	2.967        	5.683        	5.588        	0.2498       	0.07556       	1.076          	0.2869       	0.3625       	2.09         
NooneTries                       	5959         	1.003         	0            	--              	0.05013       	--           	--           	--           	--           	0              	0            	0             	--           	--           	--           	0            	-0.05013      	0.95           	0            	-0.05013     	-0.05013     
InventionOccurs                  	1368         	1.003         	1.003        	1.658           	0.1689        	0.1184       	6.36         	6.191        	6.019        	0.3924         	0.08002      	0             	2.967        	5.683        	5.588        	0.7379       	0.569         	1.57           	0.8476       	1.417        	6.519        
SomeUsersPay                     	717          	1             	1            	1.994           	0.1373        	0.08727      	1.165        	2.224        	1.997        	0.7488         	0            	0             	3.342        	1.165        	1.165        	0.7889       	0.6516        	1.652          	1.782        	2.434        	7.952        
SomeIntentionalInfringement      	0            	--            	--           	--              	--            	--           	--           	--           	--           	--             	--           	--            	--           	--           	--           	--           	--            	--             	--           	--           	--           
InventionUsed                    	925          	1             	1            	1.859           	0.1444        	0.09445      	2.076        	2.603        	1.851        	0.5804         	0.1169       	0             	3.198        	1.804        	1.759        	1.091        	0.9468        	1.947          	1.254        	2.2          	7.368        
MainInventorLoses                	9163         	1.002         	0.3503       	1.426           	0.09618       	--           	12.93        	11.53        	12.35        	0.004219       	0.001461     	0             	2.241        	11.59        	11.41        	0.0007332    	-0.09545      	0.9048         	0.005121     	-0.09033     	0.1652       
AllHighValue                     	2016         	1.003         	0.4152       	1.783           	0.1074        	--           	8.767        	8.164        	7.479        	0.07869        	0.01633      	0             	5.319        	7.678        	7.615        	0.2507       	0.1434        	1.144          	0.2586       	0.402        	1.668        
InventionOccursHighValue         	282          	1.007         	1.007        	1.948           	0.1833        	0.1319       	8.767        	8.164        	7.479        	0.5625         	0.1168       	0             	5.319        	7.678        	7.615        	1.793        	1.609         	2.611          	1.849        	3.458        	12.51        