                                 	Total        	Entrants      	Trying       	MainSpendM      	TotSpend      	AvgInv       	ISP          	CSP          	UAP          	PropUsing      	PropInt      	PropInad      	PUB          	PUC          	PUR          	TotRec       	DelInvUt      	MainInvUt      	UserUt       	PrvWel       	SocWel       
All                              	10000        	2.151         	1.093        	1.755           	0.293         	--           	10.36        	9.892        	10.14        	0.1157         	0.03574      	0             	3.445        	9.291        	9.178        	0.2982       	0.005233      	0.9985         	0.2719       	0.2771       	2.421        
FirstTries                       	5139         	2.139         	2.006        	1.755           	0.4392        	0.1707       	9.701        	9.348        	9.544        	0.2205         	0.06779      	0             	3.459        	8.736        	8.627        	0.558        	0.1188        	1.044          	0.5287       	0.6474       	4.53         
SomeoneTries                     	5712         	2.149         	1.914        	1.755           	0.4321        	0.1774       	10.36        	9.892        	10.14        	0.2025         	0.06258      	0             	3.445        	9.291        	9.178        	0.5221       	0.08998       	1.035          	0.4759       	0.5659       	4.319        
NooneTries                       	4288         	2.153         	0            	--              	0.1077        	--           	--           	--           	--           	0              	0            	0             	--           	--           	--           	0            	-0.1077       	0.95           	0            	-0.1077      	-0.1077      
InventionOccurs                  	3586         	2.167         	2.011        	1.836           	0.4364        	0.169        	10.36        	9.892        	10.14        	0.3226         	0.09967      	0             	3.445        	9.291        	9.178        	0.8317       	0.3953        	1.177          	0.7581       	1.153        	7.132        
SomeUsersPay                     	1557         	2.13          	2.08         	2.392           	0.3646        	0.126        	1.406        	2.922        	2.967        	0.743          	0            	0             	3.755        	1.406        	1.406        	0.9639       	0.5994        	1.264          	1.867        	2.466        	8.569        
SomeIntentionalInfringement      	0            	--            	--           	--              	--            	--           	--           	--           	--           	--             	--           	--            	--           	--           	--           	--           	--            	--             	--           	--           	--           
InventionUsed                    	2168         	2.14          	2.085        	2.169           	0.3801        	0.1327       	2.84         	3.271        	2.6          	0.5336         	0.1639       	0             	3.669        	2.211        	2.154        	1.376        	0.9956        	1.449          	1.254        	2.249        	8.081        
MainInventorLoses                	9105         	2.157         	0.9995       	1.667           	0.2834        	--           	12.81        	11.91        	12.54        	0.07375        	0.02281      	0             	3.273        	11.58        	11.44        	0.1785       	-0.105        	0.8672         	0.1694       	0.06445      	1.803        
AllHighValue                     	2013         	2.139         	1.575        	1.861           	0.4459        	--           	15.07        	14.9         	15.05        	0.1984         	0.0648       	0             	5.201        	14.41        	14.3         	0.8073       	0.3614        	1.156          	0.628        	0.9894       	5.619        
InventionOccursHighValue         	1034         	2.144         	2.016        	1.973           	0.5262        	0.2134       	15.07        	14.9         	15.05        	0.3862         	0.1262       	0             	5.201        	14.41        	14.3         	1.572        	1.045         	1.465          	1.223        	2.268        	11.28        