                                 	Total        	Entrants      	Trying       	MainSpendM      	TotSpend      	AvgInv       	ISP          	CSP          	UAP          	PropUsing      	PropInt      	PropInad      	PUB          	PUC          	PUR          	TotRec       	DelInvUt      	MainInvUt      	UserUt       	PrvWel       	SocWel       
All                              	10000        	2.395         	1.488        	1.605           	0.4068        	--           	12.78        	12.28        	12.52        	0.1431         	0.05027      	0             	3.115        	11.82        	11.68        	0.3904       	-0.01645      	1.004          	0.2655       	0.2491       	3.911        
FirstTries                       	6215         	2.387         	2.233        	1.605           	0.5368        	0.194        	12.16        	11.71        	11.96        	0.2268         	0.07608      	0             	3.144        	11.21        	11.08        	0.5998       	0.06295       	1.036          	0.4361       	0.4991       	5.794        
SomeoneTries                     	7078         	2.404         	2.102        	1.605           	0.5258        	0.2041       	12.78        	12.28        	12.52        	0.2021         	0.07102      	0             	3.115        	11.82        	11.68        	0.5515       	0.0257        	1.026          	0.3752       	0.4009       	5.575        
NooneTries                       	2922         	2.371         	0            	--              	0.1185        	--           	--           	--           	--           	0              	0            	0             	--           	--           	--           	0            	-0.1185       	0.95           	0            	-0.1185      	-0.1185      
InventionOccurs                  	6552         	2.414         	2.151        	1.618           	0.5312        	0.2006       	12.78        	12.28        	12.52        	0.2183         	0.07672      	0             	3.115        	11.82        	11.68        	0.5958       	0.06457       	1.043          	0.4053       	0.4698       	6.059        
SomeUsersPay                     	2008         	2.305         	2.257        	2.135           	0.387         	0.1235       	1.337        	3.065        	2.879        	0.7124         	0            	0             	3.419        	1.337        	1.337        	0.8503       	0.4632        	1.206          	1.657        	2.12         	7.62         
SomeIntentionalInfringement      	0            	--            	--           	--              	--            	--           	--           	--           	--           	--             	--           	--            	--           	--           	--           	--           	--            	--             	--           	--           	--           
InventionUsed                    	2994         	2.325         	2.241        	1.951           	0.4081        	0.1341       	2.769        	3.386        	2.403        	0.4778         	0.1658       	0             	3.201        	2.26         	2.195        	1.304        	0.8958        	1.404          	0.8867       	1.782        	6.782        
MainInventorLoses                	8852         	2.414         	1.395        	1.504           	0.4072        	--           	14.86        	14.12        	14.66        	0.09353        	0.03614      	0             	3.023        	13.8         	13.64        	0.2461       	-0.161        	0.8321         	0.1693       	0.008222     	3.417        
AllHighValue                     	1962         	2.412         	1.896        	1.717           	0.5724        	--           	22.13        	21.67        	22.46        	0.2131         	0.07837      	0             	4.995        	21.27        	21.13        	1.103        	0.5308        	1.228          	0.4894       	1.02         	8.349        
InventionOccursHighValue         	1601         	2.428         	2.206        	1.73            	0.6431        	0.2451       	22.13        	21.67        	22.46        	0.2611         	0.09604      	0             	4.995        	21.27        	21.13        	1.352        	0.7089        	1.305          	0.5998       	1.309        	10.29        