                                 	Total        	Entrants      	Trying       	MainSpendM      	TotSpend      	AvgInv       	ISP          	CSP          	UAP          	PropUsing      	PropInt      	PropInad      	PUB          	PUC          	PUR          	TotRec       	DelInvUt      	MainInvUt      	UserUt       	PrvWel       	SocWel       
All                              	100          	1             	0.81         	1.94            	0.2449        	--           	2.365        	15.14        	15.87        	0.1604         	0.007401     	0             	3.88         	2.322        	2.309        	0.3689       	0.124         	1.124          	0.2967       	0.4206       	2.105        
FirstTries                       	81           	1             	1            	1.94            	0.2907        	0.2407       	2.365        	15.14        	15.87        	0.198          	0.009137     	0             	3.88         	2.322        	2.309        	0.4554       	0.1648        	1.165          	0.3663       	0.531        	2.611        
SomeoneTries                     	81           	1             	1            	1.94            	0.2907        	0.2407       	2.365        	15.14        	15.87        	0.198          	0.009137     	0             	3.88         	2.322        	2.309        	0.4554       	0.1648        	1.165          	0.3663       	0.531        	2.611        
NooneTries                       	19           	1             	0            	--              	0.05          	--           	--           	--           	--           	0              	0            	0             	--           	--           	--           	0            	-0.05         	0.95           	0            	-0.05        	-0.05        
InventionOccurs                  	31           	1             	1            	2.243           	0.2707        	0.2207       	2.365        	15.14        	15.87        	0.5174         	0.02387      	0             	3.88         	2.322        	2.309        	1.19         	0.9192        	1.919          	0.957        	1.876        	7.31         
SomeUsersPay                     	29           	1             	1            	2.263           	0.2779        	0.2279       	2.44         	16.15        	16.93        	0.5531         	0            	0             	4.087        	2.44         	2.44         	1.261        	0.9835        	1.984          	1.016        	2            	7.734        
SomeIntentionalInfringement      	2            	1             	1            	1.952           	0.1669        	0.1169       	1.273        	0.5058       	0.5766       	0              	0.37         	0             	0.8751       	0.6058       	0.4058       	0.1543       	-0.01261      	0.9874         	0.09508      	0.08247      	1.156        
InventionUsed                    	31           	1             	1            	2.243           	0.2707        	0.2207       	2.365        	15.14        	15.87        	0.5174         	0.02387      	0             	3.88         	2.322        	2.309        	1.19         	0.9192        	1.919          	0.957        	1.876        	7.31         
MainInventorLoses                	70           	1             	0.7286       	1.77            	0.2319        	--           	0.9898       	0.179        	0.6096       	0              	0.005105     	0             	0.9069       	0.279        	0.07895      	0.0004031    	-0.2315       	0.7685         	0.003206     	-0.2283      	-0.2125      
AllHighValue                     	20           	1             	1            	2.09            	0.351         	0.301        	3.697        	30.14        	34           	0.2315         	0            	0             	6.301        	3.697        	3.697        	0.7657       	0.4146        	1.415          	0.6587       	1.073        	4.635        
InventionOccursHighValue         	8            	1             	1            	2.078           	0.3857        	0.3357       	3.697        	30.14        	34           	0.5787         	0            	0             	6.301        	3.697        	3.697        	1.914        	1.528         	2.528          	1.647        	3.175        	12.08        