                                 	Total        	Entrants      	Trying       	MainSpendM      	Invention      	ISP          	PropUsing      	UserUt       	PrvWel       	SocWel       	TotSpend      	AvgInv       	CSP          	UAP          	PropInt      	PropInad      	PUB          	PUC          	PUR          	TotRec       	DelInvUt      	MainInvUt      
All                              	100          	1             	0.91         	2.458           	0.37           	1.814        	0.1617         	0.2774       	0.3077       	1.878        	0.3189        	--           	7.288        	7.52         	0.04311      	0             	3.003        	1.789        	1.745        	0.3492       	0.0303        	1.03           
FirstTries                       	91           	1             	1            	2.458           	0.4066         	1.814        	0.1776         	0.3049       	0.3431       	2.068        	0.3455        	0.2955       	7.288        	7.52         	0.04737      	0             	3.003        	1.789        	1.745        	0.3838       	0.03825       	1.038          
SomeoneTries                     	91           	1             	1            	2.458           	0.4066         	1.814        	0.1776         	0.3049       	0.3431       	2.068        	0.3455        	0.2955       	7.288        	7.52         	0.04737      	0             	3.003        	1.789        	1.745        	0.3838       	0.03825       	1.038          
NooneTries                       	9            	1             	0            	--              	0              	--           	0              	0            	-0.05        	-0.05        	0.05          	--           	--           	--           	0            	0             	--           	--           	--           	0            	-0.05         	0.95           
InventionOccurs                  	37           	1             	1            	2.35            	1              	1.814        	0.4369         	0.7498       	1.368        	5.611        	0.326         	0.276        	7.288        	7.52         	0.1165       	0             	3.003        	1.789        	1.745        	0.9439       	0.6179        	1.618          
SomeUsersPay                     	29           	1             	1            	2.326           	1              	1.843        	0.5574         	0.7576       	1.385        	5.72         	0.3502        	0.3002       	8.887        	9.215        	0            	0             	3.089        	1.843        	1.843        	0.9774       	0.6272        	1.627          
SomeIntentionalInfringement      	8            	1             	1            	2.436           	1              	1.708        	0              	0.7215       	1.306        	5.213        	0.2381        	0.1881       	1.492        	1.376        	0.5388       	0             	2.692        	1.592        	1.392        	0.8222       	0.5842        	1.584          
InventionUsed                    	37           	1             	1            	2.35            	1              	1.814        	0.4369         	0.7498       	1.368        	5.611        	0.326         	0.276        	7.288        	7.52         	0.1165       	0             	3.003        	1.789        	1.745        	0.9439       	0.6179        	1.618          
MainInventorLoses                	66           	1             	0.8636       	2.504           	0.04545        	0.841        	0.008741       	0.00341      	-0.3017      	-0.2574      	0.3125        	--           	0.6562       	0.6885       	0.004819     	0             	0.8227       	0.5847       	0.518        	0.007339     	-0.3051       	0.6949         
AllHighValue                     	13           	1             	1            	3.574           	0.3846         	4.049        	0.1707         	0.5415       	0.8963       	4.343        	0.4792        	0.4292       	23.08        	25.07        	0.04344      	0             	6.461        	3.951        	3.911        	0.834        	0.3548        	1.355          
InventionOccursHighValue         	5            	1             	1            	1.459           	1              	4.049        	0.4439         	1.408        	2.978        	11.94        	0.5983        	0.5483       	23.08        	25.07        	0.113        	0             	6.461        	3.951        	3.911        	2.168        	1.57          	2.57           