Obf	Output
-0.5	0.1	0.05413
-0.4592	0.1	0.0545
-0.4184	0.1	0.05487
-0.3776	0.1	0.05524
-0.3367	0.1	0.05563
-0.2959	0.1	0.05611
-0.2551	0.1	0.05677
-0.2143	0.1	0.05773
-0.1735	0.1	0.059
-0.1327	0.1	0.06046
-0.09184	0.1	0.06448
-0.05102	0.1	0.07291
-0.0102	0.1	0.07732
0.03061	0.1	0.09674
0.07143	0.1	0.1285
0.1122	0.1	0.1345
0.1531	0.1	0.17
0.1939	0.1	0.2013
0.2347	0.1	0.2335
0.2755	0.1	0.2749
0.3163	0.1	0.3149
0.3571	0.1	0.3595
0.398	0.1	0.3981
0.4388	0.1	0.4438
0.4796	0.1	0.4779
0.5204	0.1	0.5311
0.5612	0.1	0.5633
0.602	0.1	0.6092
0.6429	0.1	0.636
0.6837	0.1	0.6932
0.7245	0.1	0.7192
0.7653	0.1	0.77
0.8061	0.1	0.7909
0.8469	0.1	0.8207
0.8878	0.1	0.8714
0.9286	0.1	0.8863
0.9694	0.1	0.9086
1.01	0.1	0.9223
1.051	0.1	0.9302
1.092	0.1	0.9349
1.133	0.1	0.9369
1.173	0.1	0.9386
1.214	0.1	0.9399
1.255	0.1	0.9408
1.296	0.1	0.9411
1.337	0.1	0.9412
1.378	0.1	0.941
1.418	0.1	0.9407
1.459	0.1	0.9404
1.5	0.1	0.94
