                         	Count                    	Succ%                    	%savingsforself          	%savingsforselfsd        	distapart                	distapartfail            	P1Result                 	P2Result                 	P1ResINF                 	P2ResINF                 	Player1InsistsAvg        	Player2InsistsAvg        	Player1InsistsStdev      	Player2InsistsStdev      
All                      	50000                    	0.9337                   	0.3765                   	0.1028                   	-0.1292                  	0.08198                  	0.489                    	0.4894                   	0.25                     	0.25                     	0.4352                   	0.4356                   	0.2975                   	0.2981                   
LowTotalCosts            	747                      	0.7269                   	0.4433                   	0.1999                   	-0.02437                 	0.06824                  	0.4932                   	0.4859                   	0.4637                   	0.4585                   	0.4922                   	0.4835                   	0.2834                   	0.2846                   
MediumTotalCosts         	2753                     	0.8805                   	0.3798                   	0.1165                   	-0.07719                 	0.09536                  	0.4835                   	0.4835                   	0.3629                   	0.3613                   	0.4613                   	0.4615                   	0.2944                   	0.2948                   
HighTotalCosts           	743                      	0.996                    	0.3718                   	0.07341                  	-0.2192                  	0.0507                   	0.4956                   	0.5006                   	0.03813                  	0.03964                  	0.3881                   	0.3927                   	0.2783                   	0.2849                   
Player1MuchLowerCost     	1001                     	0.956                    	0.3528                   	0.08959                  	-0.1275                  	0.05492                  	0.6885                   	0.2909                   	0.475                    	0.04997                  	0.6333                   	0.2393                   	0.2818                   	0.2789                   
Player2MuchLowerCost     	1006                     	0.9493                   	0.3828                   	0.089                    	-0.1259                  	0.09298                  	0.2898                   	0.6863                   	0.05006                  	0.475                    	0.24                     	0.6341                   	0.2767                   	0.2796                   
BothVeryLowNoise         	544                      	0.9853                   	0.3982                   	0.05504                  	-0.09346                 	0.01251                  	0.5008                   	0.4946                   	0.2516                   	0.2428                   	0.4563                   	0.4502                   	0.303                    	0.3059                   
BothHighNoise            	54                       	0.7222                   	0.3654                   	0.2075                   	-0.1448                  	0.1854                   	0.4633                   	0.4308                   	0.2808                   	0.2461                   	0.4277                   	0.4274                   	0.2779                   	0.2729                   
Player2LowNoise          	25840                    	0.9581                   	0.3783                   	0.0877                   	-0.1145                  	0.06785                  	0.4883                   	0.4986                   	0.2503                   	0.2498                   	0.4395                   	0.446                    	0.2999                   	0.3001                   
Player1MuchBetterInfo    	1170                     	0.8333                   	0.3818                   	0.1695                   	-0.1773                  	0.1171                   	0.4956                   	0.4454                   	0.248                    	0.2527                   	0.4237                   	0.3991                   	0.2852                   	0.2794                   
Player2MuchBetterInfo    	1165                     	0.8258                   	0.324                    	0.1704                   	-0.1785                  	0.1138                   	0.441                    	0.4963                   	0.2512                   	0.2506                   	0.397                    	0.4244                   	0.277                    	0.2866                   
SimCostPlayer1BetterInfo 	49                       	0.9184                   	0.3172                   	0.07204                  	-0.2463                  	0.05074                  	0.5381                   	0.4106                   	0.218                    	0.1233                   	0.427                    	0.3267                   	0.2608                   	0.2733                   
SimCostPlayer2BetterInfo 	62                       	0.9032                   	0.2861                   	0.1473                   	-0.2431                  	0.1581                   	0.4625                   	0.481                    	0.1816                   	0.1709                   	0.3848                   	0.3721                   	0.287                    	0.2688                   
P1EstimateWithCosts80    	264                      	0.8333                   	0.3638                   	0.103                    	-0.06746                 	0.07338                  	0.9427                   	0.01121                  	0.8024                   	-0.1458                  	0.9249                   	0.007597                 	0.06421                  	0.1146                   
ActualResultIfNegotFails80	196                      	0.8265                   	0.3549                   	0.1059                   	-0.08223                 	0.05241                  	0.9264                   	0.01575                  	0.7998                   	-0.1471                  	0.9095                   	0.008296                 	0.09908                  	0.1024                   
AR80LowObf               	91                       	0.8132                   	0.3723                   	0.04628                  	-0.0505                  	0.01854                  	0.9348                   	-0.001623                	0.7997                   	-0.1312                  	0.9427                   	0.006839                 	0.06456                  	0.08183                  