AdditiveEvidenceGameReport
OptionSet         Exploit           Refine            Filter          All      Settles      Trial      Shifting      POffer      DOffer      AccSq      AccuracyIgnoringCosts      Accuracy_ForPlaintiff      Accuracy_ForDefendant      SettlementOrJudgment      DsProportionOfCost      TrialValueIfOccurs      PTrialEffect_IfOccurs      DTrialEffect_IfOccurs      PQuality      DQuality      NQuality      QualitySum      QualitySum_PInfo      QualitySum_DInfo      PBias      DBias      NBias      BiasSum      BiasSum_PInfo      BiasSum_DInfo      
Single            8.312E-08         1                 All             1        0.48232      0.51768    0             0.569489    0.434002    0.002912   0.038826                   0.0645776                  0.0645776                  0.500117                  0.5                     0.500375                0.425375                   -0.575375                  0.500753      0.500749      0             0.500375        0.500251              0.50025               0          0          0          0            0                  0                  
Single            8.312E-08         1                 Settles         0.5177   0            1          0             0.635338    0.370582    0.005625   0.075                      0.075                      0.075                      0.499814                  0.5                     0.499814                0.424814                   -0.574814                  0.627625      0.37163       0             0.499814        0.542542              0.45721               0          0          0          0            0                  0                  
Single            8.312E-08         1                 Trial           0.5177   0            1          0             0.635338    0.370582    0.005625   0.075                      0.075                      0.075                      0.499814                  0.5                     0.499814                0.424814                   -0.574814                  0.627625      0.37163       0             0.499814        0.542542              0.45721               0          0          0          0            0                  0                  
Single            8.312E-08         1                 Shifting        0                                                                                                                                                                                                                                                                                                                                                                                                                                                                                            
Single            8.312E-08         1                 PQuality1       0.0978   0.690515     0.309485   0             0.499072    0.430342    0.001741   0.0232114                  0.0712518                  0.0712518                  0.444644                  0.5                     0.396965                0.321965                   -0.471965                  0.0909091     0.496952      0             0.396965        0.363636              0.498984              0          0          0          0            0                  0                  
Single            8.312E-08         1                 PQuality2       0.1025   0.681623     0.318377   0             0.498905    0.431811    0.001791   0.0238783                  0.0598699                  0.0598699                  0.449724                  0.5                     0.418535                0.343535                   -0.493535                  0.181818      0.492321      0             0.418535        0.393939              0.49744               0          0          0          0            0                  0                  
Single            8.312E-08         1                 PQuality3       0.1007   0.695669     0.304331   0             0.500046    0.43524     0.001712   0.0228248                  0.0525069                  0.0525069                  0.459422                  0.5                     0.443882                0.368882                   -0.518882                  0.272727      0.502799      0             0.443882        0.424242              0.500933              0          0          0          0            0                  0                  
Single            8.312E-08         1                 PQuality4       0.1002   0.674651     0.325349   0             0.499754    0.430723    0.00183    0.0244012                  0.0513808                  0.0513808                  0.464103                  0.5                     0.465142                0.390142                   -0.540142                  0.363636      0.496933      0             0.465142        0.454545              0.498978              0          0          0          0            0                  0                  
Single            8.312E-08         1                 PQuality5       0.0988   0.705549     0.294451   0             0.49986     0.436817    0.001656   0.0220838                  0.0526127                  0.0526127                  0.474067                  0.5                     0.490657                0.415657                   -0.565657                  0.454545      0.508082      0             0.490657        0.484848              0.502694              0          0          0          0            0                  0                  
Single            8.312E-08         1                 PQuality6       0.0986   0.690872     0.309128   0             0.501857    0.435154    0.001739   0.0231846                  0.0609291                  0.0609291                  0.480995                  0.5                     0.513443                0.438443                   -0.588443                  0.545455      0.508316      0             0.513443        0.515152              0.502772              0          0          0          0            0                  0                  
Single            8.312E-08         1                 PQuality7       0.1002   0.676647     0.323353   0             0.501182    0.431399    0.001819   0.0242515                  0.0709364                  0.0709364                  0.487714                  0.5                     0.533723                0.458723                   -0.608723                  0.636364      0.49853       0             0.533723        0.545455              0.49951               0          0          0          0            0                  0                  
Single            8.312E-08         1                 PQuality8       0.0984   0.00569106   0.994309   0             0.718512    0.435069    0.005593   0.0745732                  0.0753265                  0.0753265                  0.556692                  0.5                     0.556744                0.481744                   -0.631744                  0.727273      0.499704      0             0.556744        0.575758              0.499901              0          0          0          0            0                  0                  
Single            8.312E-08         1                 PQuality9       0.0994   0.00563154   0.994368   0             0.734482    0.437156    0.005593   0.0745776                  0.0753674                  0.0753674                  0.579757                  0.5                     0.580222                0.505222                   -0.655222                  0.818182      0.502706      0             0.580222        0.606061              0.500902              0          0          0          0            0                  0                  
Single            8.312E-08         1                 PQuality10      0.1034   0.00503096   0.994969   0             0.738063    0.436294    0.005597   0.0746227                  0.0756152                  0.0756152                  0.601837                  0.5                     0.602633                0.527633                   -0.677633                  0.909091      0.501442      0             0.602633        0.636364              0.500481              0          0          0          0            0                  0                  
Single            8.312E-08         1                 DQuality1       0.0978   0.00408831   0.995912   0             0.575822    0.268901    0.005602   0.0746934                  0.0756297                  0.0756297                  0.397734                  0.5                     0.397188                0.322188                   -0.472188                  0.497844      0.0909091     0             0.397188        0.499281              0.363636              0          0          0          0            0                  0                  
Single            8.312E-08         1                 DQuality2       0.1025   0.00468201   0.995318   0             0.569285    0.275413    0.005599   0.0746488                  0.0753187                  0.0753187                  0.417327                  0.5                     0.417196                0.342196                   -0.492196                  0.486965      0.181818      0             0.417196        0.495655              0.393939              0          0          0          0            0                  0                  
Single            8.312E-08         1                 DQuality3       0.1007   0.00437028   0.99563    0             0.566165    0.295437    0.0056     0.0746722                  0.0754113                  0.0754113                  0.444828                  0.5                     0.444089                0.369089                   -0.519089                  0.50363       0.272727      0             0.444089        0.50121               0.424242              0          0          0          0            0                  0                  
Single            8.312E-08         1                 DQuality4       0.1002   0.675449     0.324551   0             0.559665    0.498618    0.001826   0.0243413                  0.0718596                  0.0718596                  0.512502                  0.5                     0.465959                0.390959                   -0.540959                  0.5002        0.363636      0             0.465959        0.500067              0.454545              0          0          0          0            0                  0                  
Single            8.312E-08         1                 DQuality5       0.0988   0.677602     0.322398   0             0.573387    0.499206    0.001813   0.0241798                  0.0602912                  0.0602912                  0.521436                  0.5                     0.490013                0.415013                   -0.565013                  0.505505      0.454545      0             0.490013        0.501835              0.484848              0          0          0          0            0                  0                  
Single            8.312E-08         1                 DQuality6       0.0986   0.683164     0.316836   0             0.580683    0.501701    0.001782   0.0237627                  0.0535475                  0.0535475                  0.528798                  0.5                     0.513581                0.438581                   -0.588581                  0.50887       0.545455      0             0.513581        0.502957              0.515152              0          0          0          0            0                  0                  
Single            8.312E-08         1                 DQuality7       0.1002   0.677973     0.322027   0             0.578796    0.500353    0.001811   0.024152                   0.0507128                  0.0507128                  0.535779                  0.5                     0.535569                0.460569                   -0.610569                  0.505913      0.636364      0             0.535569        0.501971              0.545455              0          0          0          0            0                  0                  
Single            8.312E-08         1                 DQuality8       0.0984   0.694591     0.305409   0             0.565708    0.500266    0.001718   0.0229057                  0.0521375                  0.0521375                  0.54149                   0.5                     0.556915                0.481915                   -0.631915                  0.500388      0.727273      0             0.556915        0.500129              0.575758              0          0          0          0            0                  0                  
Single            8.312E-08         1                 DQuality9       0.0994   0.704344     0.295656   0             0.557336    0.501284    0.001663   0.0221742                  0.0592131                  0.0592131                  0.547388                  0.5                     0.579655                0.504655                   -0.654655                  0.500439      0.818182      0             0.579655        0.500146              0.606061              0          0          0          0            0                  0                  
Single            8.312E-08         1                 DQuality10      0.1034   0.70356      0.29644    0             0.56832     0.500893    0.001667   0.022233                   0.0709134                  0.0709134                  0.553828                  0.5                     0.601842                0.526842                   -0.676842                  0.498276      0.909091      0             0.601842        0.499425              0.636364              0          0          0          0            0                  0                  
Single            8.312E-08         1                 NQuality1       0                                                                                                                                                                                                                                                                                                                                                                                                                                                                                            
Single            8.312E-08         1                 NQuality2       0                                                                                                                                                                                                                                                                                                                                                                                                                                                                                            
Single            8.312E-08         1                 NQuality3       0                                                                                                                                                                                                                                                                                                                                                                                                                                                                                            
Single            8.312E-08         1                 NQuality4       0                                                                                                                                                                                                                                                                                                                                                                                                                                                                                            
Single            8.312E-08         1                 NQuality5       0                                                                                                                                                                                                                                                                                                                                                                                                                                                                                            
Single            8.312E-08         1                 NQuality6       0                                                                                                                                                                                                                                                                                                                                                                                                                                                                                            
Single            8.312E-08         1                 NQuality7       0                                                                                                                                                                                                                                                                                                                                                                                                                                                                                            
Single            8.312E-08         1                 NQuality8       0                                                                                                                                                                                                                                                                                                                                                                                                                                                                                            
Single            8.312E-08         1                 NQuality9       0                                                                                                                                                                                                                                                                                                                                                                                                                                                                                            
Single            8.312E-08         1                 NQuality10      0                                                                                                                                                                                                                                                                                                                                                                                                                                                                                            
Single            8.312E-08         1                 PBias1          0                                                                                                                                                                                                                                                                                                                                                                                                                                                                                            
Single            8.312E-08         1                 PBias2          0                                                                                                                                                                                                                                                                                                                                                                                                                                                                                            
Single            8.312E-08         1                 PBias3          0                                                                                                                                                                                                                                                                                                                                                                                                                                                                                            
Single            8.312E-08         1                 PBias4          0                                                                                                                                                                                                                                                                                                                                                                                                                                                                                            
Single            8.312E-08         1                 PBias5          0                                                                                                                                                                                                                                                                                                                                                                                                                                                                                            
Single            8.312E-08         1                 PBias6          0                                                                                                                                                                                                                                                                                                                                                                                                                                                                                            
Single            8.312E-08         1                 PBias7          0                                                                                                                                                                                                                                                                                                                                                                                                                                                                                            
Single            8.312E-08         1                 PBias8          0                                                                                                                                                                                                                                                                                                                                                                                                                                                                                            
Single            8.312E-08         1                 PBias9          0                                                                                                                                                                                                                                                                                                                                                                                                                                                                                            
Single            8.312E-08         1                 PBias10         0                                                                                                                                                                                                                                                                                                                                                                                                                                                                                            
Single            8.312E-08         1                 DBias1          0                                                                                                                                                                                                                                                                                                                                                                                                                                                                                            
Single            8.312E-08         1                 DBias2          0                                                                                                                                                                                                                                                                                                                                                                                                                                                                                            
Single            8.312E-08         1                 DBias3          0                                                                                                                                                                                                                                                                                                                                                                                                                                                                                            
Single            8.312E-08         1                 DBias4          0                                                                                                                                                                                                                                                                                                                                                                                                                                                                                            
Single            8.312E-08         1                 DBias5          0                                                                                                                                                                                                                                                                                                                                                                                                                                                                                            
Single            8.312E-08         1                 DBias6          0                                                                                                                                                                                                                                                                                                                                                                                                                                                                                            
Single            8.312E-08         1                 DBias7          0                                                                                                                                                                                                                                                                                                                                                                                                                                                                                            
Single            8.312E-08         1                 DBias8          0                                                                                                                                                                                                                                                                                                                                                                                                                                                                                            
Single            8.312E-08         1                 DBias9          0                                                                                                                                                                                                                                                                                                                                                                                                                                                                                            
Single            8.312E-08         1                 DBias10         0                                                                                                                                                                                                                                                                                                                                                                                                                                                                                            
Single            8.312E-08         1                 NBias1          0                                                                                                                                                                                                                                                                                                                                                                                                                                                                                            
Single            8.312E-08         1                 NBias2          0                                                                                                                                                                                                                                                                                                                                                                                                                                                                                            
Single            8.312E-08         1                 NBias3          0                                                                                                                                                                                                                                                                                                                                                                                                                                                                                            
Single            8.312E-08         1                 NBias4          0                                                                                                                                                                                                                                                                                                                                                                                                                                                                                            
Single            8.312E-08         1                 NBias5          0                                                                                                                                                                                                                                                                                                                                                                                                                                                                                            
Single            8.312E-08         1                 NBias6          0                                                                                                                                                                                                                                                                                                                                                                                                                                                                                            
Single            8.312E-08         1                 NBias7          0                                                                                                                                                                                                                                                                                                                                                                                                                                                                                            
Single            8.312E-08         1                 NBias8          0                                                                                                                                                                                                                                                                                                                                                                                                                                                                                            
Single            8.312E-08         1                 NBias9          0                                                                                                                                                                                                                                                                                                                                                                                                                                                                                            
Single            8.312E-08         1                 NBias10         0                                                                                                                                                                                                                                                                                                                                                                                                                                                                                            
Single            8.312E-08         1                 POffer1         0.0002   1            0          0             0.0384615   0.453846    0          0                          0.262937                   0.262937                   0.246154                  0.5                     0.509091                0.434091                   -0.584091                  0.563636      0.472727      0             0.509091        0.521212              0.490909              0          0          0          0            0                  0                  
Single            8.312E-08         1                 POffer2         0.0002   1            0          0             0.0769231   0.471154    0          0                          0.237325                   0.237325                   0.274038                  0.5                     0.511364                0.436364                   -0.586364                  0.545455      0.5           0             0.511364        0.515152              0.5                   0          0          0          0            0                  0                  
Single            8.312E-08         1                 POffer3         0.0002   1            0          0             0.115385    0.442308    0          0                          0.20979                    0.20979                    0.278846                  0.5                     0.488636                0.413636                   -0.563636                  0.590909      0.363636      0             0.488636        0.530303              0.454545              0          0          0          0            0                  0                  
Single            8.312E-08         1                 POffer4         4E-05    1            0          0             0.153846    0.461538    0          0                          0.0332168                  0.0332168                  0.307692                  0.5                     0.340909                0.265909                   -0.415909                  0.181818      0.181818      0             0.340909        0.393939              0.393939              0          0          0          0            0                  0                  
Single            8.312E-08         1                 POffer5         0.0001   1            0          0             0.192308    0.5         0          0                          0.14627                    0.14627                    0.346154                  0.5                     0.492424                0.417424                   -0.567424                  0.30303       0.666667      0             0.492424        0.434343              0.555556              0          0          0          0            0                  0                  
Single            8.312E-08         1                 POffer6         0.0002   1            0          0             0.230769    0.471154    0          0                          0.256993                   0.256993                   0.350962                  0.5                     0.607955                0.532955                   -0.682955                  0.909091      0.522727      0             0.607955        0.636364              0.507576              0          0          0          0            0                  0                  
Single            8.312E-08         1                 POffer7         0.0003   0.714286     0.285714   0             0.269231    0.412088    0.001607   0.0214286                  0.117333                   0.117333                   0.374875                  0.5                     0.470779                0.395779                   -0.545779                  0.38961       0.493506      0             0.470779        0.463203              0.497835              0          0          0          0            0                  0                  
Single            8.312E-08         1                 POffer8         0.0001   0.666667     0.333333   0             0.307692    0.423077    0.001875   0.025                      0.0815268                  0.0815268                  0.428322                  0.5                     0.484848                0.409848                   -0.559848                  0.636364      0.30303       0             0.484848        0.545455              0.434343              0          0          0          0            0                  0                  
Single            8.312E-08         1                 POffer9         0.0002   0.75         0.25       0             0.346154    0.423077    0.001406   0.01875                    0.0834353                  0.0834353                  0.44799                   0.5                     0.482955                0.407955                   -0.557955                  0.522727      0.409091      0             0.482955        0.507576              0.469697              0          0          0          0            0                  0                  
Single            8.312E-08         1                 POffer10        0.0004   0.8          0.2        0             0.384615    0.469231    0.001125   0.015                      0.0975175                  0.0975175                  0.421678                  0.5                     0.495455                0.420455                   -0.570455                  0.418182      0.563636      0             0.495455        0.472727              0.521212              0          0          0          0            0                  0                  
Single            8.312E-08         1                 POffer11        0.0012   0.689655     0.310345   0             0.423077    0.400531    0.001746   0.0232759                  0.0773511                  0.0773511                  0.420002                  0.5                     0.418495                0.343495                   -0.493495                  0.231975      0.442006      0             0.418495        0.410658              0.480669              0          0          0          0            0                  0                  
Single            8.312E-08         1                 POffer12        0.0043   0.691589     0.308411   0             0.461538    0.424515    0.001735   0.0231308                  0.0550569                  0.0550569                  0.440674                  0.5                     0.431393                0.356393                   -0.506393                  0.235344      0.490229      0             0.431393        0.411781              0.496743              0          0          0          0            0                  0                  
Single            8.312E-08         1                 POffer13        0.688    0.692017     0.307983   0             0.5         0.433203    0.001732   0.0230987                  0.0597074                  0.0597074                  0.466012                  0.5                     0.466104                0.391104                   -0.541104                  0.363562      0.500854      0             0.466104        0.454521              0.500285              0          0          0          0            0                  0                  
Single            8.312E-08         1                 POffer14        0.0238   0.0201681    0.979832   0             0.538462    0.430317    0.005512   0.0734874                  0.0750564                  0.0750564                  0.574714                  0.5                     0.575019                0.500019                   -0.650019                  0.794958      0.505118      0             0.575019        0.598319              0.501706              0          0          0          0            0                  0                  
Single            8.312E-08         1                 POffer15        0.0284   0.00423131   0.995769   0             0.576923    0.432028    0.005601   0.0746827                  0.0753114                  0.0753114                  0.578901                  0.5                     0.578568                0.503568                   -0.653568                  0.808052      0.506219      0             0.578568        0.602684              0.502073              0          0          0          0            0                  0                  
Single            8.312E-08         1                 POffer16        0.0312   0.0025641    0.997436   0             0.615385    0.442406    0.005611   0.0748077                  0.074931                   0.074931                   0.583053                  0.5                     0.583042                0.508042                   -0.658042                  0.811655      0.520513      0             0.583042        0.603885              0.506838              0          0          0          0            0                  0                  
Single            8.312E-08         1                 POffer17        0.0303   0.00395778   0.996042   0             0.653846    0.443576    0.005603   0.0747032                  0.075402                   0.075402                   0.585491                  0.5                     0.584793                0.509793                   -0.659793                  0.811466      0.527704      0             0.584793        0.603822              0.509235              0          0          0          0            0                  0                  
Single            8.312E-08         1                 POffer18        0.0299   0            1          0             0.692308    0.445496    0.005625   0.075                      0.075                      0.075                      0.583708                  0.5                     0.583708                0.508708                   -0.658708                  0.815508      0.519324      0             0.583708        0.605169              0.506441              0          0          0          0            0                  0                  
Single            8.312E-08         1                 POffer19        0.0293   0            1          0             0.730769    0.43306     0.005625   0.075                      0.075                      0.075                      0.578335                  0.5                     0.578335                0.503335                   -0.653335                  0.815698      0.49764       0             0.578335        0.605233              0.499213              0          0          0          0            0                  0                  
Single            8.312E-08         1                 POffer20        0.0271   0.0014771    0.998523   0             0.769231    0.418134    0.005617   0.0748892                  0.0752146                  0.0752146                  0.575255                  0.5                     0.57493                 0.49993                    -0.64993                   0.816973      0.482745      0             0.57493         0.605658              0.494248              0          0          0          0            0                  0                  
Single            8.312E-08         1                 POffer21        0.0268   0            1          0             0.807692    0.42147     0.005625   0.075                      0.075                      0.075                      0.575034                  0.5                     0.575034                0.500034                   -0.650034                  0.819539      0.480597      0             0.575034        0.606513              0.493532              0          0          0          0            0                  0                  
Single            8.312E-08         1                 POffer22        0.0241   0            1          0             0.846154    0.445529    0.005625   0.075                      0.075                      0.075                      0.576888                  0.5                     0.576888                0.501888                   -0.651888                  0.822102      0.485452      0             0.576888        0.607367              0.495151              0          0          0          0            0                  0                  
Single            8.312E-08         1                 POffer23        0.0217   0            1          0             0.884615    0.446991    0.005625   0.075                      0.075                      0.075                      0.578749                  0.5                     0.578749                0.503749                   -0.653749                  0.822375      0.49262       0             0.578749        0.607458              0.49754               0          0          0          0            0                  0                  
Single            8.312E-08         1                 POffer24        0.018    0            1          0             0.923077    0.441624    0.005625   0.075                      0.075                      0.075                      0.578636                  0.5                     0.578636                0.503636                   -0.653636                  0.822626      0.491919      0             0.578636        0.607542              0.497306              0          0          0          0            0                  0                  
Single            8.312E-08         1                 POffer25        0.0142   0            1          0             0.961538    0.429813    0.005625   0.075                      0.075                      0.075                      0.577363                  0.5                     0.577363                0.502363                   -0.652363                  0.83282       0.476631      0             0.577363        0.61094               0.49221               0          0          0          0            0                  0                  
Single            8.312E-08         1                 DOffer1         0.0086   0            1          0             0.571914    0.0384615   0.005625   0.075                      0.075                      0.075                      0.40592                   0.5                     0.40592                 0.33092                    -0.48092                   0.471459      0.15222       0             0.40592         0.490486              0.384073              0          0          0          0            0                  0                  
Single            8.312E-08         1                 DOffer2         0.0149   0            1          0             0.566199    0.0769231   0.005625   0.075                      0.075                      0.075                      0.416646                  0.5                     0.416646                0.341646                   -0.491646                  0.49086       0.175725      0             0.416646        0.496953              0.391908              0          0          0          0            0                  0                  
Single            8.312E-08         1                 DOffer3         0.0194   0            1          0             0.566116    0.115385    0.005625   0.075                      0.075                      0.075                      0.415806                  0.5                     0.415806                0.340806                   -0.490806                  0.490045      0.173178      0             0.415806        0.496682              0.391059              0          0          0          0            0                  0                  
Single            8.312E-08         1                 DOffer4         0.0252   0            1          0             0.561685    0.153846    0.005625   0.075                      0.075                      0.075                      0.423138                  0.5                     0.423138                0.348138                   -0.498138                  0.506987      0.185564      0             0.423138        0.502329              0.395188              0          0          0          0            0                  0                  
Single            8.312E-08         1                 DOffer5         0.0254   0            1          0             0.558449    0.192308    0.005625   0.075                      0.075                      0.075                      0.421367                  0.5                     0.421367                0.346367                   -0.496367                  0.499785      0.185684      0             0.421367        0.499928              0.395228              0          0          0          0            0                  0                  
Single            8.312E-08         1                 DOffer6         0.0291   0.00274725   0.997253   0             0.559594    0.230769    0.00561    0.074794                   0.0754015                  0.0754015                  0.421127                  0.5                     0.421735                0.346735                   -0.496735                  0.497378      0.18956       0             0.421735        0.499126              0.39652               0          0          0          0            0                  0                  
Single            8.312E-08         1                 DOffer7         0.0308   0            1          0             0.564269    0.269231    0.005625   0.075                      0.075                      0.075                      0.419701                  0.5                     0.419701                0.344701                   -0.494701                  0.491902      0.186902      0             0.419701        0.497301              0.395634              0          0          0          0            0                  0                  
Single            8.312E-08         1                 DOffer8         0.031    0            1          0             0.572314    0.307692    0.005625   0.075                      0.075                      0.075                      0.42107                   0.5                     0.42107                 0.34607                    -0.49607                   0.489691      0.194588      0             0.42107         0.496564              0.398196              0          0          0          0            0                  0                  
Single            8.312E-08         1                 DOffer9         0.0325   0            1          0             0.579383    0.346154    0.005625   0.075                      0.075                      0.075                      0.418791                  0.5                     0.418791                0.343791                   -0.493791                  0.488874      0.186291      0             0.418791        0.496291              0.39543               0          0          0          0            0                  0                  
Single            8.312E-08         1                 DOffer10        0.0313   0.00255428   0.997446   0             0.580804    0.384615    0.005611   0.0748084                  0.0754269                  0.0754269                  0.42374                   0.5                     0.424359                0.349359                   -0.499359                  0.503309      0.194125      0             0.424359        0.501103              0.398042              0          0          0          0            0                  0                  
Single            8.312E-08         1                 DOffer11        0.0303   0.00396301   0.996037   0             0.577431    0.423077    0.005603   0.0747028                  0.0751947                  0.0751947                  0.420622                  0.5                     0.42068                 0.34568                    -0.49568                   0.487811      0.194908      0             0.42068         0.495937              0.398303              0          0          0          0            0                  0                  
Single            8.312E-08         1                 DOffer12        0.027    0.0074184    0.992582   0             0.580689    0.461538    0.005583   0.0744436                  0.0750454                  0.0750454                  0.433232                  0.5                     0.432729                0.357729                   -0.507729                  0.523334      0.20758       0             0.432729        0.507778              0.402527              0          0          0          0            0                  0                  
Single            8.312E-08         1                 DOffer13        0.6829   0.691618     0.308382   0             0.569457    0.5         0.001735   0.0231286                  0.0596719                  0.0596719                  0.534199                  0.5                     0.534962                0.459962                   -0.609962                  0.503075      0.636774      0             0.534962        0.501025              0.545591              0          0          0          0            0                  0                  
Single            8.312E-08         1                 DOffer14        0.007    0.775862     0.224138   0             0.548408    0.538462    0.001261   0.0168103                  0.0557341                  0.0557341                  0.545304                  0.5                     0.556296                0.481296                   -0.631296                  0.46186       0.763323      0             0.556296        0.487287              0.587774              0          0          0          0            0                  0                  
Single            8.312E-08         1                 DOffer15        0.0017   0.813953     0.186047   0             0.549195    0.576923    0.001047   0.0139535                  0.0489592                  0.0489592                  0.561717                  0.5                     0.566068                0.491068                   -0.641068                  0.4926        0.77167       0             0.566068        0.497533              0.590557              0          0          0          0            0                  0                  
Single            8.312E-08         1                 DOffer16        0.0004   1            0          0             0.513986    0.615385    0          0                          0.0769231                  0.0769231                  0.564685                  0.5                     0.514463                0.439463                   -0.589463                  0.46281       0.595041      0             0.514463        0.487603              0.53168               0          0          0          0            0                  0                  
Single            8.312E-08         1                 DOffer17        0.0002   0.8          0.2        0             0.592308    0.653846    0.001125   0.015                      0.0468182                  0.0468182                  0.584266                  0.5                     0.6                     0.525                      -0.675                     0.618182      0.781818      0             0.6             0.539394              0.593939              0          0          0          0            0                  0                  
Single            8.312E-08         1                 DOffer18        0.0004   0.888889     0.111111   0             0.534188    0.692308    0.000625   0.00833333                 0.0875874                  0.0875874                  0.592269                  0.5                     0.522727                0.447727                   -0.597727                  0.464646      0.626263      0             0.522727        0.488215              0.542088              0          0          0          0            0                  0                  
Single            8.312E-08         1                 DOffer19        0.0004   1            0          0             0.521368    0.730769    0          0                          0.163947                   0.163947                   0.626068                  0.5                     0.462121                0.387121                   -0.537121                  0.393939      0.454545      0             0.462121        0.464646              0.484848              0          0          0          0            0                  0                  
Single            8.312E-08         1                 DOffer20        0.0003   1            0          0             0.510989    0.769231    0          0                          0.166084                   0.166084                   0.64011                   0.5                     0.474026                0.399026                   -0.549026                  0.428571      0.467532      0             0.474026        0.47619               0.489177              0          0          0          0            0                  0                  
Single            8.312E-08         1                 DOffer21        0.0003   0.875        0.125      0             0.625       0.807692    0.000703   0.009375                   0.177644                   0.177644                   0.690997                  0.5                     0.522727                0.447727                   -0.597727                  0.545455      0.545455      0             0.522727        0.515152              0.515152              0          0          0          0            0                  0                  
Single            8.312E-08         1                 DOffer22        0.0003   1            0          0             0.5         0.846154    0          0                          0.156031                   0.156031                   0.673077                  0.5                     0.517045                0.442045                   -0.592045                  0.522727      0.545455      0             0.517045        0.507576              0.515152              0          0          0          0            0                  0                  
Single            8.312E-08         1                 DOffer23        0.0002   0.833333     0.166667   0             0.583333    0.884615    0.000937   0.0125                     0.171591                   0.171591                   0.685606                  0.5                     0.526515                0.451515                   -0.601515                  0.545455      0.560606      0             0.526515        0.515152              0.520202              0          0          0          0            0                  0                  
Single            8.312E-08         1                 DOffer24        0.0001   1            0          0             0.551282    0.923077    0          0                          0.206876                   0.206876                   0.737179                  0.5                     0.530303                0.455303                   -0.605303                  0.545455      0.575758      0             0.530303        0.515152              0.525253              0          0          0          0            0                  0                  
Single            8.312E-08         1                 DOffer25        0.0002   1            0          0             0.512821    0.961538    0          0                          0.229604                   0.229604                   0.737179                  0.5                     0.507576                0.432576                   -0.582576                  0.515152      0.515152      0             0.507576        0.505051              0.505051              0          0          0          0            0                  0                  
