                                 	Total        	Entrants      	Trying       	MainSpendM      	TotSpend      	AvgInv       	ISP          	CSP          	UAP          	PropUsing      	PropInt      	PropInad      	PUB          	PUC          	PUR          	TotRec       	DelInvUt      	MainInvUt      	UserUt       	PrvWel       	SocWel       
All                              	10000        	2.227         	0.4487       	0.72            	0.02983       	--           	0.2822       	0.2658       	0.28         	0.106          	0.004006     	0.01868       	0.5218       	0.2928       	0.2555       	0.03077      	0.0009431     	1.001          	0.03074      	0.03168      	0.03168      
FirstTries                       	2050         	2.211         	1.762        	3.512           	0.118         	0.06653      	0.2857       	0.2724       	0.2873       	0.405          	0.01233      	0.07059       	0.5327       	0.2968       	0.261        	0.1191       	0.0011        	1.005          	0.1201       	0.1212       	0.1212       
SomeoneTries                     	2855         	2.244         	1.572        	2.522           	0.1045        	0.0659       	0.2822       	0.2658       	0.28         	0.3712         	0.01403      	0.06543       	0.5218       	0.2928       	0.2555       	0.1078       	0.003303      	1.004          	0.1077       	0.111        	0.111        
NooneTries                       	7145         	2.22          	0            	0               	0             	--           	--           	--           	--           	0              	0            	0             	--           	--           	--           	0            	0             	1              	0            	0            	0            
InventionOccurs                  	1868         	2.252         	1.717        	3.093           	0.1125        	0.06491      	0.2822       	0.2658       	0.28         	0.5673         	0.02144      	0.1           	0.5218       	0.2928       	0.2555       	0.1647       	0.0522        	1.028          	0.1645       	0.2167       	0.2167       
SomeUsersPay                     	1783         	2.25          	1.732        	3.131           	0.1132        	0.0646       	0.2797       	0.2689       	0.2839       	0.5944         	0            	0.1           	0.526        	0.2924       	0.2629       	0.1699       	0.05669       	1.03           	0.1688       	0.2254       	0.2254       
SomeIntentionalInfringement      	0            	--            	--           	--              	--            	--           	--           	--           	--           	--             	--           	--            	--           	--           	--           	--           	--            	--             	--           	--           	--           
InventionUsed                    	1836         	2.251         	1.72         	3.085           	0.1141        	0.06577      	0.2859       	0.2701       	0.2843       	0.565          	0.01997      	0.1           	0.5242       	0.2971       	0.2602       	0.1677       	0.05364       	1.029          	0.1619       	0.2155       	0.2155       
MainInventorLoses                	1211         	2.233         	1.799        	3.33            	0.1201        	0.06646      	0.2821       	0.2663       	0.2832       	0.2852         	0.01593      	0.05021       	0.5363       	0.2903       	0.2497       	0.08126      	-0.03884      	0.9345         	0.09064      	0.0518       	0.0518       
AllHighValue                     	2025         	2.217         	1.336        	2.177           	0.09473       	--           	0.3231       	0.3177       	0.3422       	0.3023         	0.0002068    	0.0523        	0.5881       	0.3369       	0.3066       	0.1023       	0.0076        	1.006          	0.09307      	0.1007       	0.1007       
InventionOccursHighValue         	1059         	2.235         	1.873        	3.391           	0.1309        	0.06971      	0.3231       	0.3177       	0.3422       	0.578          	0.0003954    	0.1           	0.5881       	0.3369       	0.3066       	0.1957       	0.06475       	1.036          	0.178        	0.2427       	0.2427       