                                 	Total        	Entrants      	Trying       	MainSpendM      	TotSpend      	AvgInv       	ISP          	CSP          	UAP          	PropUsing      	PropInt      	PropInad      	PUB          	PUC          	PUR          	TotRec       	DelInvUt      	MainInvUt      	UserUt       	PrvWel       	SocWel       
All                              	1000         	1             	0.323        	1.621           	0.01967       	--           	0.1419       	0.1371       	0.1373       	0.1735         	0.0005505    	0             	0.446        	0.1418       	0.1409       	0.02265      	0.00298       	1.003          	0.05403      	0.05701      	0.05701      
FirstTries                       	323          	1             	1            	5.019           	0.06091       	0.06091      	0.1419       	0.1371       	0.1373       	0.5372         	0.001704     	0             	0.446        	0.1418       	0.1409       	0.07013      	0.009225      	1.009          	0.1673       	0.1765       	0.1765       
SomeoneTries                     	323          	1             	1            	5.019           	0.06091       	0.06091      	0.1419       	0.1371       	0.1373       	0.5372         	0.001704     	0             	0.446        	0.1418       	0.1409       	0.07013      	0.009225      	1.009          	0.1673       	0.1765       	0.1765       
NooneTries                       	677          	1             	0            	0               	0             	--           	--           	--           	--           	0              	0            	0             	--           	--           	--           	0            	0             	1              	0            	0            	0            
InventionOccurs                  	215          	1             	1            	5.178           	0.05961       	0.05961      	0.1419       	0.1371       	0.1373       	0.8071         	0.002561     	0             	0.446        	0.1418       	0.1409       	0.1054       	0.04575       	1.046          	0.2513       	0.2971       	0.2971       
SomeUsersPay                     	214          	1             	1            	5.191           	0.05961       	0.05961      	0.1416       	0.1374       	0.1375       	0.8108         	0            	0             	0.4467       	0.1416       	0.1416       	0.1059       	0.0463        	1.046          	0.2522       	0.2985       	0.2985       
SomeIntentionalInfringement      	0            	--            	--           	--              	--            	--           	--           	--           	--           	--             	--           	--            	--           	--           	--           	--           	--            	--             	--           	--           	--           
InventionUsed                    	214          	1             	1            	5.191           	0.05961       	0.05961      	0.1416       	0.1374       	0.1375       	0.8108         	0            	0             	0.4467       	0.1416       	0.1416       	0.1059       	0.0463        	1.046          	0.2522       	0.2985       	0.2985       
MainInventorLoses                	109          	1             	1            	4.681           	0.06347       	0.06347      	0.2138       	0.08187      	0.08175      	0              	0.005051     	0             	0.293        	0.1819       	-0.01813     	-9.157E-05   	-0.06356      	0.9364         	0.0005615    	-0.063       	-0.063       
AllHighValue                     	233          	1             	0.6052       	3.087           	0.0431        	--           	0.1586       	0.1555       	0.1539       	0.3464         	0            	0             	0.5284       	0.1586       	0.1586       	0.05063      	0.007537      	1.008          	0.1302       	0.1377       	0.1377       
InventionOccursHighValue         	98           	1             	1            	5.305           	0.06767       	0.06767      	0.1586       	0.1555       	0.1539       	0.8236         	0            	0             	0.5284       	0.1586       	0.1586       	0.1204       	0.05271       	1.053          	0.3096       	0.3623       	0.3623       