                                 	Total        	Entrants      	Trying       	MainSpendM      	TotSpend      	AvgInv       	ISP          	CSP          	UAP          	PropUsing      	PropInt      	PropInad      	PUB          	PUC          	PUR          	TotRec       	DelInvUt      	MainInvUt      	UserUt       	PrvWel       	SocWel       
All                              	10000        	1             	0.2105       	0.7912          	0.01359       	--           	0.2149       	0.2018       	0.2084       	0.07967        	0.001138     	0.01223       	0.4899       	0.2254       	0.1952       	0.01665      	0.00306       	1.003          	0.02544      	0.0285       	0.0285       
FirstTries                       	2105         	1             	1            	3.758           	0.06455       	0.06455      	0.2149       	0.2018       	0.2084       	0.3785         	0.005407     	0.0581        	0.4899       	0.2254       	0.1952       	0.07909      	0.01453       	1.015          	0.1208       	0.1354       	0.1354       
SomeoneTries                     	2105         	1             	1            	3.758           	0.06455       	0.06455      	0.2149       	0.2018       	0.2084       	0.3785         	0.005407     	0.0581        	0.4899       	0.2254       	0.1952       	0.07909      	0.01453       	1.015          	0.1208       	0.1354       	0.1354       
NooneTries                       	7895         	1             	0            	0               	0             	--           	--           	--           	--           	0              	0            	0             	--           	--           	--           	0            	0             	1              	0            	0            	0            
InventionOccurs                  	1223         	1             	1            	4.278           	0.06366       	0.06366      	0.2149       	0.2018       	0.2084       	0.6514         	0.009307     	0.1           	0.4899       	0.2254       	0.1952       	0.1361       	0.07246       	1.072          	0.208        	0.2805       	0.2805       
SomeUsersPay                     	1199         	1             	1            	4.306           	0.06337       	0.06337      	0.213        	0.2026       	0.2091       	0.6644         	0            	0.1           	0.4917       	0.2247       	0.1979       	0.1381       	0.07475       	1.075          	0.2106       	0.2853       	0.2853       
SomeIntentionalInfringement      	0            	--            	--           	--              	--            	--           	--           	--           	--           	--             	--           	--            	--           	--           	--           	--           	--            	--             	--           	--           	--           
InventionUsed                    	1205         	1             	1            	4.264           	0.06435       	0.06435      	0.2173       	0.2046       	0.2111       	0.6507         	0.007889     	0.1           	0.4915       	0.2281       	0.1984       	0.1383       	0.07396       	1.074          	0.2063       	0.2803       	0.2803       
MainInventorLoses                	956          	1             	1            	3.196           	0.06283       	0.06283      	0.09144      	0.04964      	0.05424      	0.04959        	0.01         	0.007741      	0.3729       	0.08433      	0.01534      	0.0007827    	-0.06204      	0.938          	0.02076      	-0.04129     	-0.04129     
AllHighValue                     	1965         	1             	0.6081       	2.127           	0.04262       	--           	0.2505       	0.2421       	0.2465       	0.2211         	0            	0.03399       	0.5584       	0.2628       	0.2355       	0.05541      	0.01279       	1.013          	0.07823      	0.09101      	0.09101      
InventionOccursHighValue         	668          	1             	1            	4.037           	0.07037       	0.07037      	0.2505       	0.2421       	0.2465       	0.6503         	0            	0.1           	0.5584       	0.2628       	0.2355       	0.163        	0.09262       	1.093          	0.2301       	0.3227       	0.3227       