                                 	Total        	Entrants      	Trying       	MainSpendM      	TotSpend      	AvgInv       	ISP          	CSP          	UAP          	PropUsing      	PropInt      	PropInad      	PUB          	PUC          	PUR          	TotRec       	DelInvUt      	MainInvUt      	UserUt       	PrvWel       	SocWel       
All                              	10000        	1             	0.1957       	1.479           	0.01241       	--           	0.1206       	0.1146       	0.1168       	0.1296         	0.001152     	0             	0.4246       	0.1201       	0.1173       	0.0136       	0.001183      	1.001          	0.04069      	0.04188      	0.1559       
FirstTries                       	1957         	1             	1            	7.559           	0.06344       	0.06344      	0.1206       	0.1146       	0.1168       	0.6622         	0.005884     	0             	0.4246       	0.1201       	0.1173       	0.06948      	0.006045      	1.006          	0.2079       	0.214        	0.7965       
SomeoneTries                     	1957         	1             	1            	7.559           	0.06344       	0.06344      	0.1206       	0.1146       	0.1168       	0.6622         	0.005884     	0             	0.4246       	0.1201       	0.1173       	0.06948      	0.006045      	1.006          	0.2079       	0.214        	0.7965       
NooneTries                       	8043         	1             	0            	0               	0             	--           	--           	--           	--           	0              	0            	0             	--           	--           	--           	0            	0             	1              	0            	0            	0            
InventionOccurs                  	1564         	1             	1            	7.572           	0.06345       	0.06345      	0.1206       	0.1146       	0.1168       	0.8286         	0.007363     	0             	0.4246       	0.1201       	0.1173       	0.08694      	0.02349       	1.023          	0.2602       	0.2837       	1.013        
SomeUsersPay                     	1542         	1             	1            	7.579           	0.06243       	0.06243      	0.1177       	0.1136       	0.1157       	0.8404         	0            	0             	0.4242       	0.1177       	0.1177       	0.08754      	0.02511       	1.025          	0.2627       	0.2878       	1.018        
SomeIntentionalInfringement      	0            	--            	--           	--              	--            	--           	--           	--           	--           	--             	--           	--            	--           	--           	--           	--           	--            	--             	--           	--           	--           
InventionUsed                    	1560         	1             	1            	7.573           	0.06335       	0.06335      	0.1203       	0.1148       	0.1169       	0.8307         	0.00597      	0             	0.4249       	0.12         	0.1177       	0.08722      	0.02387       	1.024          	0.2606       	0.2845       	1.014        
MainInventorLoses                	420          	1             	1            	7.483           	0.06701       	0.06701      	0.2788       	0.1642       	0.165        	0.005282       	0.02742      	0             	0.3967       	0.2518       	0.08881      	0.002919     	-0.06409      	0.9359         	0.0049       	-0.05919     	-0.02467     
AllHighValue                     	1951         	1             	0.4188       	3.169           	0.03193       	--           	0.1491       	0.1453       	0.1453       	0.2754         	0            	0             	0.5239       	0.1491       	0.1491       	0.0359       	0.003965      	1.004          	0.1058       	0.1097       	0.4064       
InventionOccursHighValue         	644          	1             	1            	7.584           	0.07647       	0.07647      	0.1491       	0.1453       	0.1453       	0.8342         	0            	0             	0.5239       	0.1491       	0.1491       	0.1087       	0.03227       	1.032          	0.3204       	0.3527       	1.251        