                                 	Total        	Entrants      	Trying       	MainSpendM      	TotSpend      	AvgInv       	ISP          	CSP          	UAP          	PropUsing      	PropInt      	PropInad      	PUB          	PUC          	PUR          	TotRec       	DelInvUt      	MainInvUt      	UserUt       	PrvWel       	SocWel       
All                              	10000        	1             	0.3231       	0.9315          	0.01308       	--           	0.3274       	0.32         	0.3277       	0.07175        	0.003079     	0             	0.4861       	0.3242       	0.2996       	0.02428      	0.0112        	1.011          	0.01444      	0.02563      	0.02563      
FirstTries                       	3231         	1             	1            	2.883           	0.04049       	0.04049      	0.3274       	0.32         	0.3277       	0.2221         	0.00953      	0             	0.4861       	0.3242       	0.2996       	0.07515      	0.03466       	1.035          	0.04468      	0.07934      	0.07934      
SomeoneTries                     	3231         	1             	1            	2.883           	0.04049       	0.04049      	0.3274       	0.32         	0.3277       	0.2221         	0.00953      	0             	0.4861       	0.3242       	0.2996       	0.07515      	0.03466       	1.035          	0.04468      	0.07934      	0.07934      
NooneTries                       	6769         	1             	0            	0               	0             	--           	--           	--           	--           	0              	0            	0             	--           	--           	--           	0            	0             	1              	0            	0            	0            
InventionOccurs                  	1609         	1             	1            	3.387           	0.03861       	0.03861      	0.3274       	0.32         	0.3277       	0.4459         	0.01914      	0             	0.4861       	0.3242       	0.2996       	0.1509       	0.1123        	1.112          	0.08971      	0.202        	0.202        
SomeUsersPay                     	1411         	1             	1            	3.355           	0.03942       	0.03942      	0.3329       	0.3421       	0.352        	0.5085         	0            	0             	0.5184       	0.3329       	0.3329       	0.1692       	0.1298        	1.13           	0.1009       	0.2307       	0.2307       
SomeIntentionalInfringement      	0            	--            	--           	--              	--            	--           	--           	--           	--           	--             	--           	--            	--           	--           	--           	--           	--            	--             	--           	--           	--           
InventionUsed                    	1528         	1             	1            	3.352           	0.03944       	0.03944      	0.3342       	0.3331       	0.3417       	0.4696         	0.0194       	0             	0.5076       	0.3322       	0.3169       	0.1589       	0.1195        	1.119          	0.09442      	0.2139       	0.2139       
MainInventorLoses                	1786         	1             	1            	2.489           	0.04131       	0.04131      	0.2581       	0.1252       	0.1243       	0.0003136      	0.009999     	0             	0.2046       	0.2231       	0.03527      	0.0009192    	-0.04039      	0.9596         	0.000782     	-0.03961     	-0.03961     
AllHighValue                     	2001         	1             	0.5742       	1.624           	0.02739       	--           	0.3923       	0.4286       	0.4521       	0.1588         	0            	0             	0.6482       	0.3923       	0.3923       	0.06161      	0.03422       	1.034          	0.04108      	0.0753       	0.0753       
InventionOccursHighValue         	562          	1             	1            	3.339           	0.04606       	0.04606      	0.3923       	0.4286       	0.4521       	0.5653         	0            	0             	0.6482       	0.3923       	0.3923       	0.2194       	0.1733        	1.173          	0.1462       	0.3196       	0.3196       