                                 	Total        	Entrants      	Trying       	MainSpendM      	TotSpend      	AvgInv       	ISP          	CSP          	UAP          	PropUsing      	PropInt      	PropInad      	PUB          	PUC          	PUR          	TotRec       	DelInvUt      	MainInvUt      	UserUt       	PrvWel       	SocWel       
All                              	10000        	1             	0.1924       	0.7566          	0.01457       	--           	0.202        	0.1951       	0.1985       	0.0773         	0.0002957    	0.01157       	0.4905       	0.214        	0.1869       	0.01612      	0.001546      	1.002          	0.02518      	0.02673      	0.02673      
FirstTries                       	1924         	1             	1            	3.932           	0.07573       	0.07573      	0.202        	0.1951       	0.1985       	0.4018         	0.001537     	0.06014       	0.4905       	0.214        	0.1869       	0.08377      	0.008037      	1.008          	0.1309       	0.1389       	0.1389       
SomeoneTries                     	1924         	1             	1            	3.932           	0.07573       	0.07573      	0.202        	0.1951       	0.1985       	0.4018         	0.001537     	0.06014       	0.4905       	0.214        	0.1869       	0.08377      	0.008037      	1.008          	0.1309       	0.1389       	0.1389       
NooneTries                       	8076         	1             	0            	0               	0             	--           	--           	--           	--           	0              	0            	0             	--           	--           	--           	0            	0             	1              	0            	0            	0            
InventionOccurs                  	1157         	1             	1            	4.176           	0.07672       	0.07672      	0.202        	0.1951       	0.1985       	0.6681         	0.002556     	0.1           	0.4905       	0.214        	0.1869       	0.1393       	0.06258       	1.063          	0.2177       	0.2802       	0.2802       
SomeUsersPay                     	1151         	1             	1            	4.185           	0.07678       	0.07678      	0.2019       	0.1955       	0.1989       	0.6716         	0            	0.1           	0.4913       	0.214        	0.1878       	0.1399       	0.06316       	1.063          	0.2185       	0.2816       	0.2816       
SomeIntentionalInfringement      	0            	--            	--           	--              	--            	--           	--           	--           	--           	--             	--           	--            	--           	--           	--           	--           	--            	--             	--           	--           	--           
InventionUsed                    	1154         	1             	1            	4.181           	0.07675       	0.07675      	0.2019       	0.1955       	0.1987       	0.6699         	0.001278     	0.1           	0.4909       	0.2142       	0.1875       	0.1397       	0.06296       	1.063          	0.218        	0.2809       	0.2809       
MainInventorLoses                	776          	1             	1            	3.57            	0.07386       	0.07386      	0.1327       	0.0636       	0.06975      	0.004518       	0.00319      	0.00116       	0.3804       	0.1237       	0.003487     	5.024E-05    	-0.07381      	0.9262         	0.002612     	-0.0712      	-0.0712      
AllHighValue                     	1955         	1             	0.5202       	2.253           	0.04287       	--           	0.2125       	0.2119       	0.2085       	0.2237         	0            	0.03248       	0.5454       	0.2252       	0.1996       	0.04905      	0.00618       	1.006          	0.08333      	0.08951      	0.08951      
InventionOccursHighValue         	635          	1             	1            	4.53            	0.08319       	0.08319      	0.2125       	0.2119       	0.2085       	0.6886         	0            	0.1           	0.5454       	0.2252       	0.1996       	0.151        	0.06781       	1.068          	0.2565       	0.3244       	0.3244       