                                 	Total        	Entrants      	Trying       	MainSpendM      	TotSpend      	AvgInv       	ISP          	CSP          	UAP          	PropUsing      	PropInt      	PropInad      	PUB          	PUC          	PUR          	TotRec       	DelInvUt      	MainInvUt      	UserUt       	PrvWel       	SocWel       
All                              	10000        	1             	0.3696       	0.9915          	0.01293       	--           	0.3017       	0.2991       	0.3058       	0.0786         	0.002861     	0             	0.4507       	0.2993       	0.2728       	0.0246       	0.01167       	1.012          	0.01528      	0.02695      	0.02695      
FirstTries                       	3696         	1             	1            	2.683           	0.03499       	0.03499      	0.3017       	0.2991       	0.3058       	0.2127         	0.00774      	0             	0.4507       	0.2993       	0.2728       	0.06656      	0.03157       	1.032          	0.04135      	0.07292      	0.07292      
SomeoneTries                     	3696         	1             	1            	2.683           	0.03499       	0.03499      	0.3017       	0.2991       	0.3058       	0.2127         	0.00774      	0             	0.4507       	0.2993       	0.2728       	0.06656      	0.03157       	1.032          	0.04135      	0.07292      	0.07292      
NooneTries                       	6304         	1             	0            	0               	0             	--           	--           	--           	--           	0              	0            	0             	--           	--           	--           	0            	0             	1              	0            	0            	0            
InventionOccurs                  	1757         	1             	1            	3.161           	0.03381       	0.03381      	0.3017       	0.2991       	0.3058       	0.4474         	0.01628      	0             	0.4507       	0.2993       	0.2728       	0.14         	0.1062        	1.106          	0.08699      	0.1932       	0.1932       
SomeUsersPay                     	1524         	1             	1            	3.149           	0.0346        	0.0346       	0.3088       	0.3238       	0.3329       	0.5157         	0            	0             	0.4873       	0.3088       	0.3088       	0.159        	0.1244        	1.124          	0.09898      	0.2234       	0.2234       
SomeIntentionalInfringement      	0            	--            	--           	--              	--            	--           	--           	--           	--           	--             	--           	--            	--           	--           	--           	--           	--            	--             	--           	--           	--           
InventionUsed                    	1633         	1             	1            	3.166           	0.03493       	0.03493      	0.3117       	0.3169       	0.3252       	0.4813         	0.01655      	0             	0.4799       	0.3095       	0.2962       	0.1507       	0.1157        	1.116          	0.09351      	0.2092       	0.2092       
MainInventorLoses                	2144         	1             	1            	2.319           	0.03519       	0.03519      	0.223        	0.1059       	0.1006       	0.0003929      	0.007759     	0             	0.1638       	0.2038       	0.01555      	0.0007425    	-0.03445      	0.9656         	0.00059      	-0.03386     	-0.03386     
AllHighValue                     	2014         	1             	0.5348       	1.564           	0.02392       	--           	0.3904       	0.4293       	0.4544       	0.147          	0            	0             	0.6496       	0.3904       	0.3904       	0.05675      	0.03283       	1.033          	0.03853      	0.07136      	0.07136      
InventionOccursHighValue         	520          	1             	1            	3.53            	0.04321       	0.04321      	0.3904       	0.4293       	0.4544       	0.5694         	0            	0             	0.6496       	0.3904       	0.3904       	0.2198       	0.1766        	1.177          	0.1492       	0.3258       	0.3258       