Step	ValEst	Output
0	0.075	0	0.3032
0	0.075	0.02041	0.3077
0	0.075	0.04082	0.3177
0	0.075	0.06122	0.3389
0	0.075	0.08163	0.3815
0	0.075	0.102	0.4615
0	0.075	0.1224	0.6006
0	0.075	0.1429	0.8169
0	0.075	0.1633	1.103
0	0.075	0.1837	1.442
0	0.075	0.2041	1.683
0	0.075	0.2245	1.843
0	0.075	0.2449	1.93
0	0.075	0.2653	1.969
0	0.075	0.2857	1.98
0	0.075	0.3061	1.972
0	0.075	0.3265	1.945
0	0.075	0.3469	1.897
0	0.075	0.3673	1.82
0	0.075	0.3878	1.758
0	0.075	0.4082	1.711
0	0.075	0.4286	1.679
0	0.075	0.449	1.638
0	0.075	0.4694	1.569
0	0.075	0.4898	1.447
0	0.075	0.5102	1.268
0	0.075	0.5306	1.166
0	0.075	0.551	0.9365
0	0.075	0.5714	0.7025
0	0.075	0.5918	0.5095
0	0.075	0.6122	0.3902
0	0.075	0.6327	0.3435
0	0.075	0.6531	0.3032
0	0.075	0.6735	0.3107
0	0.075	0.6939	0.3258
0	0.075	0.7143	0.3523
0	0.075	0.7347	0.4407
0	0.075	0.7551	0.5106
0	0.075	0.7755	0.5749
0	0.075	0.7959	0.6201
0	0.075	0.8163	0.645
0	0.075	0.8367	0.6579
0	0.075	0.8571	0.6941
0	0.075	0.8776	0.6997
0	0.075	0.898	0.6683
0	0.075	0.9184	0.6946
0	0.075	0.9388	0.7137
0	0.075	0.9592	0.7176
0	0.075	0.9796	0.7382
0	0.075	1	0.76
