Step	CMI	Output
0	0	0.5	1.693
0	0.002041	0.5	1.693
0	0.004082	0.5	1.657
0	0.006122	0.5	1.657
0	0.008163	0.5	0.3518
0	0.0102	0.5	0.3518
0	0.01224	0.5	0.3518
0	0.01429	0.5	0.3518
0	0.01633	0.5	1.6
0	0.01837	0.5	1.6
0	0.02041	0.5	1.6
0	0.02245	0.5	1.6
0	0.02449	0.5	1.6
0	0.02653	0.5	1.6
0	0.02857	0.5	1.6
0	0.03061	0.5	1.561
0	0.03265	0.5	0.8305
0	0.03469	0.5	0.8305
0	0.03673	0.5	0.8305
0	0.03878	0.5	0.8305
0	0.04082	0.5	0.8305
0	0.04286	0.5	0.8305
0	0.0449	0.5	0.8305
0	0.04694	0.5	1.116
0	0.04898	0.5	1.268
0	0.05102	0.5	1.268
0	0.05306	0.5	1.268
0	0.0551	0.5	1.268
0	0.05714	0.5	1.48
0	0.05918	0.5	1.48
0	0.06122	0.5	1.48
0	0.06327	0.5	1.48
0	0.06531	0.5	1.539
0	0.06735	0.5	1.539
0	0.06939	0.5	1.539
0	0.07143	0.5	1.539
0	0.07347	0.5	1.539
0	0.07551	0.5	1.539
0	0.07755	0.5	1.539
0	0.07959	0.5	1.539
0	0.08163	0.5	1.554
0	0.08367	0.5	1.554
0	0.08571	0.5	1.554
0	0.08776	0.5	1.574
0	0.0898	0.5	1.574
0	0.09184	0.5	1.574
0	0.09388	0.5	1.574
0	0.09592	0.5	1.574
0	0.09796	0.5	1.574
0	0.1	0.5	1.574
