Step	CMIB	Output
0	0	1	0.5	1.603
0	0.002041	1	0.5	1.599
0	0.004082	1	0.5	1.595
0	0.006122	1	0.5	1.59
0	0.008163	1	0.5	1.585
0	0.0102	1	0.5	1.58
0	0.01224	1	0.5	1.575
0	0.01429	1	0.5	1.569
0	0.01633	1	0.5	1.563
0	0.01837	1	0.5	1.557
0	0.02041	1	0.5	1.55
0	0.02245	1	0.5	1.543
0	0.02449	1	0.5	1.545
0	0.02653	1	0.5	1.53
0	0.02857	1	0.5	1.515
0	0.03061	1	0.5	1.5
0	0.03265	1	0.5	1.484
0	0.03469	1	0.5	1.468
0	0.03673	1	0.5	1.451
0	0.03878	1	0.5	1.434
0	0.04082	1	0.5	1.417
0	0.04286	1	0.5	1.4
0	0.0449	1	0.5	1.382
0	0.04694	1	0.5	1.364
0	0.04898	1	0.5	1.345
0	0.05102	1	0.5	1.393
0	0.05306	1	0.5	1.395
0	0.0551	1	0.5	1.397
0	0.05714	1	0.5	1.401
0	0.05918	1	0.5	1.405
0	0.06122	1	0.5	1.409
0	0.06327	1	0.5	1.414
0	0.06531	1	0.5	1.42
0	0.06735	1	0.5	1.426
0	0.06939	1	0.5	1.433
0	0.07143	1	0.5	1.44
0	0.07347	1	0.5	1.447
0	0.07551	1	0.5	1.455
0	0.07755	1	0.5	1.584
0	0.07959	1	0.5	1.593
0	0.08163	1	0.5	1.601
0	0.08367	1	0.5	1.609
0	0.08571	1	0.5	1.616
0	0.08776	1	0.5	1.623
0	0.0898	1	0.5	1.629
0	0.09184	1	0.5	1.635
0	0.09388	1	0.5	1.641
0	0.09592	1	0.5	1.646
0	0.09796	1	0.5	1.651
0	0.1	1	0.5	1.656
