Step	ValEst	Output
0	0.075	1	0	1.645
0	0.075	1	0.02041	1.67
0	0.075	1	0.04082	1.696
0	0.075	1	0.06122	1.722
0	0.075	1	0.08163	1.749
0	0.075	1	0.102	1.776
0	0.075	1	0.1224	1.802
0	0.075	1	0.1429	1.827
0	0.075	1	0.1633	1.85
0	0.075	1	0.1837	1.87
0	0.075	1	0.2041	1.886
0	0.075	1	0.2245	1.896
0	0.075	1	0.2449	1.861
0	0.075	1	0.2653	1.842
0	0.075	1	0.2857	1.813
0	0.075	1	0.3061	1.777
0	0.075	1	0.3265	1.736
0	0.075	1	0.3469	1.691
0	0.075	1	0.3673	1.647
0	0.075	1	0.3878	1.606
0	0.075	1	0.4082	1.57
0	0.075	1	0.4286	1.541
0	0.075	1	0.449	1.521
0	0.075	1	0.4694	1.512
0	0.075	1	0.4898	1.426
0	0.075	1	0.5102	1.48
0	0.075	1	0.5306	1.532
0	0.075	1	0.551	1.52
0	0.075	1	0.5714	1.537
0	0.075	1	0.5918	1.552
0	0.075	1	0.6122	1.568
0	0.075	1	0.6327	1.521
0	0.075	1	0.6531	1.526
0	0.075	1	0.6735	1.536
0	0.075	1	0.6939	1.551
0	0.075	1	0.7143	1.57
0	0.075	1	0.7347	1.594
0	0.075	1	0.7551	1.618
0	0.075	1	0.7755	1.642
0	0.075	1	0.7959	1.662
0	0.075	1	0.8163	1.677
0	0.075	1	0.8367	1.688
0	0.075	1	0.8571	1.689
0	0.075	1	0.8776	1.668
0	0.075	1	0.898	1.646
0	0.075	1	0.9184	1.625
0	0.075	1	0.9388	1.604
0	0.075	1	0.9592	1.583
0	0.075	1	0.9796	1.562
0	0.075	1	1	1.542
