                                 	Total        	Entrants      	Trying       	MainSpendM      	TotSpend      	AvgInv       	ISP          	CSP          	UAP          	PropUsing      	PropInt      	PropInad      	PUB          	PUC          	PUR          	TotRec       	DelInvUt      	MainInvUt      	UserUt       	PrvWel       	SocWel       
All                              	1000         	1             	1            	3.681           	0.1885        	0.1385       	1.656        	1.686        	1.668        	0.2773         	0.09138      	0             	3.491        	1.633        	1.574        	0.6015       	0.413         	1.413          	0.7418       	1.155        	1.155        
FirstTries                       	1000         	1             	1            	3.681           	0.1885        	0.1385       	1.656        	1.686        	1.668        	0.2773         	0.09138      	0             	3.491        	1.633        	1.574        	0.6015       	0.413         	1.413          	0.7418       	1.155        	1.155        
SomeoneTries                     	1000         	1             	1            	3.681           	0.1885        	0.1385       	1.656        	1.686        	1.668        	0.2773         	0.09138      	0             	3.491        	1.633        	1.574        	0.6015       	0.413         	1.413          	0.7418       	1.155        	1.155        
NooneTries                       	0            	--            	--           	--              	--            	--           	--           	--           	--           	--             	--           	--            	--           	--           	--           	--           	--            	--             	--           	--           	--           
InventionOccurs                  	558          	1             	1            	4.058           	0.1939        	0.1439       	1.656        	1.686        	1.668        	0.4969         	0.1638       	0             	3.491        	1.633        	1.574        	1.078        	0.884         	1.884          	1.329        	2.214        	2.214        
SomeUsersPay                     	394          	1             	1            	4.195           	0.1995        	0.1495       	1.723        	1.84         	1.857        	0.7037         	0            	0             	3.903        	1.723        	1.723        	1.215        	1.016         	2.016          	1.572        	2.588        	2.588        
SomeIntentionalInfringement      	0            	--            	--           	--              	--            	--           	--           	--           	--           	--             	--           	--            	--           	--           	--           	--           	--            	--             	--           	--           	--           
InventionUsed                    	551          	1             	1            	4.074           	0.1947        	0.1447       	1.664        	1.7          	1.684        	0.5032         	0.1658       	0             	3.532        	1.645        	1.588        	1.092        	0.897         	1.897          	1.346        	2.243        	2.243        
MainInventorLoses                	473          	1             	1            	3.152           	0.1794        	0.1294       	0.7051       	0.5061       	0.3679       	0.005994       	0.01183      	0             	0.4688       	0.5546       	0.3868       	0.004888     	-0.1745       	0.8255         	0.002489     	-0.172       	-0.172       
AllHighValue                     	206          	1             	1            	4.731           	0.2478        	0.1978       	2.528        	2.517        	2.636        	0.418          	0.02317      	0             	5.799        	2.516        	2.505        	1.101        	0.8531        	1.853          	1.452        	2.305        	2.305        
InventionOccursHighValue         	126          	1             	1            	4.809           	0.2466        	0.1966       	2.528        	2.517        	2.636        	0.6834         	0.03788      	0             	5.799        	2.516        	2.505        	1.8          	1.553         	2.553          	2.373        	3.926        	3.926        