                                 	Total        	Entrants      	Trying       	MainSpendM      	TotSpend      	AvgInv       	ISP          	CSP          	UAP          	PropUsing      	PropInt      	PropInad      	PUB          	PUC          	PUR          	TotRec       	DelInvUt      	MainInvUt      	UserUt       	PrvWel       	SocWel       
All                              	1000         	1             	0.145        	0.4672          	0.006457      	--           	0.187        	0.1773       	0.1807       	0.04375        	0            	0             	0.4749       	0.187        	0.187        	0.007593     	0.001136      	1.001          	0.0129       	0.01404      	0.01404      
FirstTries                       	145          	1             	1            	3.222           	0.04453       	0.04453      	0.187        	0.1773       	0.1807       	0.3017         	0            	0             	0.4749       	0.187        	0.187        	0.05236      	0.007833      	1.008          	0.08898      	0.09681      	0.09681      
SomeoneTries                     	145          	1             	1            	3.222           	0.04453       	0.04453      	0.187        	0.1773       	0.1807       	0.3017         	0            	0             	0.4749       	0.187        	0.187        	0.05236      	0.007833      	1.008          	0.08898      	0.09681      	0.09681      
NooneTries                       	855          	1             	0            	0               	0             	--           	--           	--           	--           	0              	0            	0             	--           	--           	--           	0            	0             	1              	0            	0            	0            
InventionOccurs                  	58           	1             	1            	3.215           	0.04688       	0.04688      	0.187        	0.1773       	0.1807       	0.7544         	0            	0             	0.4749       	0.187        	0.187        	0.1309       	0.08403       	1.084          	0.2225       	0.3065       	0.3065       
SomeUsersPay                     	58           	1             	1            	3.215           	0.04688       	0.04688      	0.187        	0.1773       	0.1807       	0.7544         	0            	0             	0.4749       	0.187        	0.187        	0.1309       	0.08403       	1.084          	0.2225       	0.3065       	0.3065       
SomeIntentionalInfringement      	0            	--            	--           	--              	--            	--           	--           	--           	--           	--             	--           	--            	--           	--           	--           	--           	--            	--             	--           	--           	--           
InventionUsed                    	58           	1             	1            	3.215           	0.04688       	0.04688      	0.187        	0.1773       	0.1807       	0.7544         	0            	0             	0.4749       	0.187        	0.187        	0.1309       	0.08403       	1.084          	0.2225       	0.3065       	0.3065       
MainInventorLoses                	87           	1             	1            	3.226           	0.04296       	0.04296      	--           	--           	--           	0              	0            	0             	--           	--           	--           	0            	-0.04296      	0.957          	0            	-0.04296     	-0.04296     
AllHighValue                     	195          	1             	0.3641       	1.105           	0.01852       	--           	0.2222       	0.2198       	0.217        	0.1074         	0            	0             	0.5541       	0.2222       	0.2222       	0.02235      	0.00383       	1.004          	0.03648      	0.04031      	0.04031      
InventionOccursHighValue         	28           	1             	1            	2.889           	0.05374       	0.05374      	0.2222       	0.2198       	0.217        	0.7483         	0            	0             	0.5541       	0.2222       	0.2222       	0.1557       	0.1019        	1.102          	0.254        	0.3559       	0.3559       