                                 	Total        	Entrants      	Trying       	MainSpendM      	TotSpend      	AvgInv       	ISP          	CSP          	UAP          	PropUsing      	PropInt      	PropInad      	PUB          	PUC          	PUR          	TotRec       	DelInvUt      	MainInvUt      	UserUt       	PrvWel       	SocWel       
All                              	10000        	1             	0.2205       	0.6607          	0.009077      	--           	0.187        	0.1748       	0.1804       	0.06724        	0.0009955    	0             	0.4551       	0.1864       	0.1822       	0.01149      	0.002416      	1.002          	0.01875      	0.02117      	0.02117      
FirstTries                       	2205         	1             	1            	2.996           	0.04117       	0.04117      	0.187        	0.1748       	0.1804       	0.3049         	0.004515     	0             	0.4551       	0.1864       	0.1822       	0.05212      	0.01096       	1.011          	0.08503      	0.09599      	0.09599      
SomeoneTries                     	2205         	1             	1            	2.996           	0.04117       	0.04117      	0.187        	0.1748       	0.1804       	0.3049         	0.004515     	0             	0.4551       	0.1864       	0.1822       	0.05212      	0.01096       	1.011          	0.08503      	0.09599      	0.09599      
NooneTries                       	7795         	1             	0            	0               	0             	--           	--           	--           	--           	0              	0            	0             	--           	--           	--           	0            	0             	1              	0            	0            	0            
InventionOccurs                  	915          	1             	1            	3.071           	0.04083       	0.04083      	0.187        	0.1748       	0.1804       	0.7348         	0.01088      	0             	0.4551       	0.1864       	0.1822       	0.1256       	0.08477       	1.085          	0.2049       	0.2897       	0.2897       
SomeUsersPay                     	896          	1             	1            	3.095           	0.04055       	0.04055      	0.1848       	0.1751       	0.1809       	0.7504         	0            	0             	0.4563       	0.1848       	0.1848       	0.1276       	0.08704       	1.087          	0.2077       	0.2948       	0.2948       
SomeIntentionalInfringement      	0            	--            	--           	--              	--            	--           	--           	--           	--           	--             	--           	--            	--           	--           	--           	--           	--            	--             	--           	--           	--           
InventionUsed                    	909          	1             	1            	3.078           	0.04084       	0.04084      	0.1869       	0.1756       	0.1811       	0.7397         	0.00751      	0             	0.4563       	0.1866       	0.1838       	0.1266       	0.08575       	1.086          	0.2058       	0.2916       	0.2916       
MainInventorLoses                	1304         	1             	1            	2.933           	0.04151       	0.04151      	0.267        	0.1182       	0.1373       	0              	0.005649     	0             	0.3705       	0.2182       	0.01824      	0.000108     	-0.04141      	0.9586         	0.0008636    	-0.04054     	-0.04054     
AllHighValue                     	1994         	1             	0.4493       	1.292           	0.02253       	--           	0.2346       	0.2289       	0.2309       	0.1356         	0            	0             	0.5672       	0.2346       	0.2346       	0.02955      	0.007021      	1.007          	0.04627      	0.0533       	0.0533       
InventionOccursHighValue         	366          	1             	1            	3.001           	0.04981       	0.04981      	0.2346       	0.2289       	0.2309       	0.739          	0            	0             	0.5672       	0.2346       	0.2346       	0.161        	0.1112        	1.111          	0.2521       	0.3633       	0.3633       